8 0.641507 0.534274 0.328881 0.426075
8 0.482485 0.605511 0.174143 0.200269
8 0.600050 0.145161 0.169355 0.201613
8 0.443422 0.282762 0.112651 0.191868
8 0.312626 0.181116 0.143901 0.180780
8 0.089214 0.212534 0.177923 0.211358
8 0.210685 0.523017 0.362399 0.355847
8 0.248488 0.805444 0.358871 0.315860
8 0.462072 0.887937 0.200353 0.224126
8 0.663684 0.897681 0.246220 0.191868
8 0.877898 0.496472 0.203881 0.273858
8 0.670867 0.272513 0.207661 0.273522
8 0.336064 0.235551 0.109123 0.139113
8 0.940146 0.071237 0.119708 0.141801
