8 0.488239 0.396673 0.220430 0.217238
8 0.243616 0.245464 0.214382 0.267641
8 0.669019 0.147807 0.136425 0.154486
8 0.791835 0.241557 0.197245 0.092994
8 0.845430 0.142263 0.115591 0.130796
8 0.924059 0.061114 0.088038 0.119708
8 0.782258 0.027344 0.170027 0.048639
8 0.913810 0.361265 0.172379 0.294607
8 0.793851 0.761341 0.277218 0.323085
8 0.458837 0.280116 0.312836 0.336946
8 0.484039 0.131300 0.308804 0.168347
8 0.112567 0.134703 0.224462 0.268901
8 0.099966 0.565272 0.199261 0.204637
8 0.252016 0.764491 0.348790 0.203377
8 0.529234 0.672379 0.268817 0.185988
8 0.612231 0.877142 0.279570 0.141885
8 0.227823 0.877898 0.300403 0.225050
8 0.744456 0.548639 0.413642 0.237903
