8 0.377016 0.470640 0.358871 0.308720
8 0.205813 0.824345 0.331653 0.351310
8 0.576613 0.840852 0.182796 0.110131
8 0.659442 0.786542 0.130040 0.137097
8 0.674227 0.621976 0.256384 0.239415
8 0.639449 0.462828 0.136425 0.122732
8 0.637433 0.283266 0.182796 0.085181
8 0.528226 0.107863 0.182796 0.215222
8 0.719254 0.100806 0.258401 0.201109
8 0.903226 0.228201 0.193548 0.296119
8 0.877016 0.689768 0.245968 0.176411
8 0.786626 0.936996 0.165995 0.126008
8 0.385417 0.962198 0.119624 0.075605
8 0.159610 0.364415 0.247984 0.240927
