8 0.409778 0.144825 0.172883 0.288978
8 0.604335 0.329301 0.223286 0.290995
8 0.267641 0.320397 0.260585 0.257728
8 0.141633 0.599798 0.267641 0.278898
8 0.576109 0.623152 0.298891 0.398858
8 0.905368 0.554099 0.189264 0.180780
8 0.732611 0.529906 0.129536 0.168011
8 0.855721 0.743112 0.118700 0.171707
8 0.907132 0.131720 0.185736 0.222446
8 0.701991 0.100806 0.190776 0.200941
8 0.532258 0.119624 0.158266 0.185484
8 0.190776 0.124832 0.330141 0.248992
8 0.196195 0.847950 0.146421 0.204637
8 0.820312 0.271673 0.218246 0.265793
