8 0.331485 0.379914 0.407594 0.187248
8 0.608871 0.192540 0.192876 0.187500
8 0.371640 0.078629 0.272849 0.156754
8 0.388273 0.225554 0.151546 0.152722
8 0.138441 0.526588 0.243952 0.130796
8 0.367608 0.580015 0.172043 0.105595
8 0.497816 0.543095 0.222782 0.113407
8 0.845094 0.525076 0.144489 0.115171
8 0.670867 0.406754 0.263105 0.244456
8 0.347278 0.753276 0.254368 0.187500
8 0.372648 0.878528 0.182796 0.088206
8 0.668851 0.774698 0.359207 0.425403
8 0.052755 0.157258 0.104839 0.126008
8 0.077957 0.696699 0.155242 0.155998
