8 0.537634 0.505418 0.071237 0.028478
8 0.489415 0.535282 0.062836 0.053427
8 0.467238 0.673135 0.044019 0.048891
8 0.392809 0.676285 0.054435 0.048639
8 0.394825 0.735257 0.088038 0.044103
8 0.534442 0.740927 0.090390 0.048891
8 0.341230 0.848034 0.077621 0.089718
8 0.161626 0.533770 0.067204 0.053427
8 0.225806 0.822707 0.077957 0.070817
8 0.901042 0.171497 0.058804 0.021925
8 0.218582 0.294355 0.058804 0.059980
8 0.327789 0.236895 0.042003 0.036290
8 0.618616 0.578629 0.048387 0.051915
8 0.129200 0.868448 0.069556 0.071069
8 0.541835 0.863029 0.071573 0.056704
8 0.475806 0.935358 0.086022 0.078881
8 0.925067 0.902344 0.132392 0.091482
8 0.834845 0.431326 0.069556 0.059728
8 0.759241 0.432208 0.044019 0.051915
8 0.643817 0.524320 0.081989 0.066280
8 0.593246 0.459677 0.056788 0.047379
8 0.392809 0.318044 0.016801 0.050403
