8 0.548051 0.434476 0.369624 0.387601
8 0.531418 0.103957 0.226815 0.207409
8 0.686660 0.180948 0.176411 0.116431
8 0.125168 0.189516 0.249664 0.303931
8 0.247816 0.363659 0.126008 0.176411
8 0.377016 0.368322 0.174059 0.236139
8 0.880208 0.351815 0.239583 0.297883
8 0.736223 0.349546 0.250000 0.151210
8 0.739247 0.075605 0.180780 0.150706
8 0.433636 0.827495 0.224798 0.244204
8 0.142977 0.847152 0.285282 0.293095
8 0.601647 0.765247 0.262433 0.261341
8 0.730847 0.614919 0.315188 0.278730
8 0.905410 0.880166 0.189180 0.207913
