8 0.374832 0.458921 0.342406 0.338710
8 0.135417 0.341608 0.266801 0.258317
8 0.662634 0.609375 0.254032 0.239415
8 0.879032 0.658896 0.241935 0.196825
8 0.671035 0.755922 0.115591 0.144909
8 0.215390 0.824345 0.334005 0.351310
8 0.529402 0.093750 0.176411 0.186996
8 0.583837 0.820312 0.163642 0.138609
8 0.816868 0.915701 0.201613 0.140373
8 0.408602 0.948715 0.119624 0.083417
8 0.108367 0.613281 0.216062 0.168599
8 0.656250 0.256552 0.254032 0.091230
8 0.900034 0.184098 0.199933 0.273942
8 0.882056 0.491179 0.138441 0.154234
8 0.473622 0.664567 0.271169 0.163810
