8 0.625840 0.464466 0.130040 0.151210
8 0.443212 0.460559 0.197581 0.209425
8 0.447413 0.197455 0.172379 0.118196
8 0.614247 0.115549 0.165995 0.178175
8 0.235215 0.158014 0.172043 0.162298
8 0.077957 0.379410 0.155242 0.192288
8 0.304435 0.534526 0.201613 0.177923
8 0.839214 0.673135 0.321573 0.316532
8 0.090558 0.652596 0.180444 0.096018
8 0.140793 0.517263 0.197581 0.143397
8 0.838206 0.899950 0.323589 0.193548
8 0.518817 0.702243 0.239247 0.132308
8 0.797043 0.108493 0.153226 0.154486
8 0.745632 0.325857 0.121640 0.148185
8 0.470430 0.902344 0.483199 0.195312
8 0.525034 0.052041 0.096438 0.103579
