8 0.511425 0.521925 0.468414 0.464718
8 0.711022 0.917339 0.182796 0.165323
8 0.923219 0.497480 0.153562 0.204637
8 0.823253 0.533770 0.155242 0.148185
8 0.127184 0.614793 0.253696 0.297631
8 0.168179 0.330645 0.335685 0.352823
8 0.618616 0.358115 0.220430 0.288306
8 0.747648 0.242314 0.188844 0.154486
8 0.828461 0.305318 0.195228 0.245716
8 0.227823 0.858241 0.354839 0.248740
8 0.407426 0.881804 0.222782 0.185988
8 0.619624 0.882686 0.163978 0.234627
8 0.782426 0.800781 0.228831 0.155998
8 0.380040 0.048891 0.168011 0.097278
8 0.756048 0.047253 0.184812 0.094002
