4 0.868196 0.312668 0.104335 0.312836
4 0.824723 0.607359 0.225554 0.269825
4 0.712450 0.705645 0.227823 0.207661
4 0.422505 0.551411 0.239163 0.403226
4 0.481603 0.256552 0.265625 0.339046
20 0.171623 0.120968 0.342742 0.213710
20 0.172253 0.738575 0.116683 0.261425
4 0.668851 0.138609 0.159274 0.248992
20 0.147429 0.359207 0.294355 0.155914
4 0.161668 0.506384 0.107611 0.151210
4 0.262223 0.582829 0.111139 0.099126
4 0.723664 0.437668 0.122732 0.083669
4 0.673261 0.885921 0.237147 0.228159
4 0.430570 0.902722 0.200353 0.194556
