4 0.459047 0.231015 0.154486 0.256384
4 0.329133 0.305780 0.091734 0.094758
4 0.352697 0.513441 0.202873 0.149866
4 0.539441 0.567540 0.127268 0.230511
4 0.742818 0.461694 0.158014 0.161962
4 0.488155 0.327789 0.126008 0.169691
4 0.246220 0.382056 0.117944 0.134409
4 0.734627 0.128528 0.121472 0.256384
4 0.833039 0.291331 0.114667 0.212366
4 0.859501 0.402722 0.130292 0.221438
20 0.498740 0.723286 0.109879 0.300739
20 0.362273 0.630208 0.158014 0.126680
4 0.285408 0.214886 0.068800 0.126680
4 0.518019 0.064348 0.153478 0.128024
20 0.321321 0.114583 0.197077 0.149866
4 0.633443 0.464718 0.145413 0.146505
20 0.772303 0.681620 0.121220 0.149530
