4 0.719758 0.431116 0.091734 0.195565
4 0.481099 0.518649 0.122480 0.215390
4 0.518523 0.424731 0.099546 0.186156
4 0.652344 0.269489 0.123740 0.151210
4 0.548387 0.143649 0.138609 0.100470
4 0.721270 0.172043 0.159274 0.096102
4 0.682712 0.727487 0.113407 0.155914
4 0.777722 0.578797 0.088206 0.171035
4 0.518649 0.816532 0.097278 0.190860
4 0.375882 0.733367 0.158014 0.097110
4 0.376008 0.521001 0.068548 0.097782
4 0.288306 0.557796 0.079133 0.134409
4 0.489415 0.877688 0.087198 0.224462
20 0.408014 0.232527 0.188004 0.125000
4 0.603579 0.710349 0.120464 0.122312
