4 0.371724 0.491095 0.155746 0.142137
4 0.424647 0.721774 0.067540 0.175403
4 0.472782 0.634241 0.101815 0.064180
4 0.446069 0.307460 0.054940 0.112903
4 0.489415 0.332325 0.036794 0.065860
4 0.472152 0.265289 0.061744 0.123992
4 0.322959 0.282594 0.175151 0.329973
20 0.491683 0.480679 0.252016 0.215390
4 0.290953 0.748656 0.207409 0.350806
4 0.149446 0.402218 0.096270 0.201613
4 0.129662 0.228663 0.055192 0.120632
4 0.124118 0.105847 0.071321 0.149866
4 0.106351 0.512097 0.212198 0.161962
4 0.222530 0.139281 0.185484 0.134745
