4 0.657258 0.246346 0.198253 0.157510
4 0.573421 0.445565 0.176411 0.149698
4 0.424731 0.352697 0.170027 0.077369
4 0.309980 0.399950 0.249664 0.102319
4 0.287298 0.548387 0.188844 0.126008
4 0.526210 0.525202 0.186828 0.163810
4 0.466398 0.712702 0.188844 0.163810
4 0.432796 0.801159 0.184812 0.089718
4 0.826277 0.524446 0.149866 0.137097
4 0.750336 0.467364 0.140457 0.106099
4 0.801747 0.364793 0.138441 0.155998
4 0.620800 0.549143 0.182460 0.187500
4 0.591062 0.739667 0.166667 0.137097
4 0.094086 0.453251 0.125672 0.137349
4 0.127688 0.653352 0.121640 0.162046
4 0.438844 0.263357 0.151882 0.100302
4 0.820397 0.822077 0.195228 0.108871
4 0.677923 0.866431 0.105175 0.126008
4 0.222278 0.875378 0.159610 0.086946
4 0.447581 0.952369 0.134409 0.095262
4 0.934812 0.424647 0.130376 0.114919
4 0.945397 0.565146 0.109207 0.134325
4 0.921035 0.363911 0.110887 0.100806
4 0.533266 0.976815 0.118280 0.046371
20 0.246808 0.716482 0.178427 0.151210
