4 0.609753 0.141297 0.141885 0.203293
4 0.706401 0.263945 0.143145 0.093078
4 0.541709 0.270329 0.136341 0.091734
4 0.655116 0.378024 0.142893 0.151210
20 0.479839 0.364415 0.179940 0.142137
4 0.541205 0.521673 0.119204 0.221438
4 0.496472 0.634409 0.114415 0.235215
4 0.384199 0.615591 0.068800 0.082661
4 0.307460 0.667003 0.066532 0.151210
4 0.576109 0.895497 0.106351 0.208333
4 0.722404 0.764617 0.131804 0.197245
4 0.792591 0.619624 0.088206 0.212366
20 0.805192 0.694388 0.099798 0.221438
4 0.422505 0.849294 0.145413 0.143481
4 0.366809 0.376512 0.153478 0.080981
20 0.602445 0.616263 0.044607 0.096102
4 0.622480 0.782258 0.114415 0.137769
4 0.344506 0.540323 0.060988 0.099462
20 0.380544 0.471270 0.164819 0.114583
