4 0.600470 0.180192 0.100806 0.091230
4 0.351983 0.189390 0.178427 0.097530
4 0.659442 0.256300 0.163642 0.077117
4 0.274194 0.298891 0.115591 0.124496
4 0.778058 0.339214 0.103159 0.075605
4 0.697413 0.321195 0.058804 0.070817
4 0.774194 0.472908 0.149194 0.147933
4 0.895665 0.601310 0.207997 0.117944
4 0.649194 0.742566 0.168011 0.154486
4 0.563844 0.546371 0.153226 0.124496
20 0.537466 0.424899 0.105175 0.108871
4 0.435820 0.464592 0.086694 0.121220
4 0.282594 0.437626 0.073925 0.074345
4 0.241263 0.358115 0.100806 0.097278
4 0.859039 0.429940 0.121976 0.048891
4 0.291163 0.530494 0.161626 0.080141
4 0.701445 0.662802 0.100470 0.099294
4 0.444052 0.368448 0.077621 0.077117
4 0.422211 0.642263 0.113239 0.096018
4 0.592238 0.629662 0.096438 0.073841
