4 0.605007 0.396043 0.281250 0.204889
4 0.444388 0.514995 0.228831 0.269405
4 0.242776 0.690650 0.279234 0.107107
4 0.180948 0.684350 0.361223 0.182712
4 0.688004 0.298387 0.207997 0.129032
4 0.523185 0.277092 0.188844 0.115171
4 0.561996 0.206275 0.283266 0.118196
4 0.824429 0.163684 0.128024 0.149446
4 0.810988 0.503150 0.378024 0.192288
4 0.813004 0.697581 0.230847 0.250504
4 0.601815 0.721270 0.250000 0.117944
4 0.571405 0.890625 0.146841 0.198589
4 0.276378 0.848790 0.275202 0.275706
4 0.739583 0.179435 0.134409 0.168347
4 0.904402 0.305444 0.191196 0.146673
4 0.943212 0.810988 0.113575 0.288306
