4 0.493574 0.598790 0.120212 0.201613
4 0.320565 0.526546 0.218750 0.108199
4 0.455015 0.360047 0.123740 0.190524
20 0.458417 0.736223 0.089214 0.293011
4 0.698211 0.491767 0.153478 0.164987
20 0.429309 0.252184 0.157006 0.240927
20 0.336694 0.636593 0.138609 0.130040
4 0.225932 0.399866 0.119204 0.145161
4 0.479965 0.080309 0.131804 0.135753
20 0.302041 0.144321 0.191280 0.169691
4 0.792717 0.330141 0.111139 0.198589
4 0.826487 0.445733 0.128276 0.227487
4 0.709803 0.182124 0.115675 0.241263
4 0.321195 0.052083 0.158014 0.100806
