4 0.618616 0.185736 0.186828 0.140121
4 0.250000 0.319430 0.129704 0.143397
4 0.339382 0.211694 0.237231 0.138609
4 0.699429 0.277848 0.163642 0.094506
4 0.613071 0.253906 0.197245 0.069304
4 0.221438 0.400832 0.140457 0.107107
4 0.153394 0.464466 0.255712 0.102319
4 0.278394 0.500630 0.090390 0.099042
4 0.463206 0.428805 0.111223 0.091482
4 0.371976 0.420993 0.113575 0.088458
4 0.304772 0.603075 0.151210 0.077117
4 0.458837 0.536794 0.094422 0.111895
4 0.517473 0.627394 0.153226 0.104083
4 0.452621 0.747354 0.137097 0.119708
4 0.354167 0.748866 0.136425 0.107107
4 0.815692 0.366683 0.111223 0.089718
4 0.914819 0.355847 0.144825 0.067540
4 0.834677 0.534526 0.145161 0.147681
4 0.698589 0.506048 0.132392 0.075605
4 0.928259 0.701613 0.142809 0.126008
4 0.767641 0.773942 0.149530 0.138609
4 0.681788 0.857485 0.153226 0.204889
20 0.569052 0.502772 0.126008 0.113407
4 0.331653 0.671497 0.155242 0.037550
