4 0.466398 0.203629 0.209677 0.119960
4 0.718246 0.288684 0.222110 0.097530
4 0.678259 0.164441 0.176411 0.147933
4 0.217406 0.177671 0.149194 0.165323
4 0.262769 0.377772 0.188844 0.161794
4 0.117776 0.468372 0.189180 0.154486
4 0.554267 0.603957 0.214046 0.170111
4 0.776210 0.429814 0.224462 0.130796
4 0.930612 0.211694 0.109207 0.113407
4 0.388609 0.834425 0.142809 0.200101
4 0.698589 0.687878 0.220430 0.108619
4 0.533434 0.071447 0.151546 0.081905
4 0.833669 0.176915 0.113575 0.100806
4 0.859039 0.085559 0.146841 0.157510
4 0.098454 0.250252 0.117608 0.080141
4 0.066196 0.354335 0.131720 0.127520
4 0.395833 0.669229 0.132392 0.092994
4 0.535450 0.734501 0.138777 0.104083
4 0.599462 0.802167 0.229167 0.198589
4 0.878696 0.598160 0.115591 0.121220
4 0.801075 0.852823 0.102823 0.148185
4 0.250840 0.650328 0.203965 0.092994
4 0.182964 0.745716 0.205981 0.097782
