4 0.753864 0.499874 0.155578 0.251764
4 0.476983 0.676159 0.260417 0.176411
4 0.702621 0.624370 0.203629 0.163558
4 0.890457 0.709299 0.192876 0.119708
4 0.733199 0.825857 0.138441 0.179940
4 0.573589 0.837828 0.168011 0.212450
4 0.402386 0.296749 0.195228 0.088458
4 0.321573 0.369330 0.151210 0.094506
20 0.482023 0.436870 0.161626 0.104083
4 0.629872 0.322833 0.155578 0.086694
4 0.642473 0.161164 0.155242 0.056704
20 0.601983 0.233745 0.161626 0.141885
4 0.307964 0.563634 0.191196 0.067288
4 0.299227 0.465348 0.132056 0.107107
