4 0.623488 0.158770 0.160282 0.198589
4 0.704763 0.289147 0.153478 0.091734
4 0.653478 0.395665 0.139617 0.155578
20 0.481099 0.371472 0.193548 0.115927
4 0.550655 0.547043 0.108871 0.192204
4 0.717994 0.787466 0.115423 0.199933
4 0.786542 0.635753 0.083669 0.180108
4 0.825227 0.396505 0.094002 0.129704
4 0.556578 0.285786 0.131804 0.125336
20 0.379410 0.386089 0.135333 0.117608
4 0.378276 0.493784 0.151210 0.109879
4 0.505922 0.650202 0.115675 0.212366
4 0.392011 0.636425 0.064264 0.077957
20 0.316406 0.683804 0.082409 0.139113
4 0.575983 0.909442 0.099546 0.181116
4 0.634577 0.809812 0.113407 0.131048
4 0.436744 0.881216 0.153730 0.131384
4 0.810232 0.713710 0.098286 0.219758
4 0.713584 0.487231 0.090474 0.168011
4 0.576109 0.808300 0.076613 0.064180
4 0.753402 0.896505 0.097530 0.140457
