4 0.646505 0.147429 0.084005 0.102319
4 0.780074 0.106225 0.216734 0.119708
4 0.636593 0.041457 0.079637 0.082409
4 0.512769 0.067792 0.184812 0.100806
4 0.361727 0.065020 0.073589 0.104335
4 0.220430 0.121976 0.163306 0.063004
4 0.301915 0.169229 0.113239 0.078881
4 0.252688 0.248740 0.165995 0.143145
4 0.512601 0.199849 0.113239 0.134073
4 0.620800 0.280998 0.187164 0.078629
4 0.358871 0.294103 0.185484 0.087198
4 0.156082 0.340600 0.140793 0.147429
4 0.071741 0.447203 0.142809 0.108619
4 0.143817 0.537172 0.149866 0.132308
4 0.339382 0.471144 0.190860 0.107107
4 0.676915 0.360257 0.161626 0.082913
4 0.865927 0.355091 0.149194 0.078629
4 0.823421 0.428679 0.121976 0.075605
4 0.661122 0.519153 0.121976 0.177923
4 0.719086 0.643775 0.103495 0.071321
4 0.815692 0.675907 0.240927 0.110383
4 0.659106 0.743322 0.126008 0.149446
4 0.474126 0.607611 0.155242 0.067036
4 0.793011 0.562626 0.170027 0.081401
4 0.926747 0.501134 0.128360 0.094506
4 0.928931 0.627016 0.123992 0.091230
4 0.471102 0.756174 0.161290 0.094506
4 0.224294 0.592742 0.105175 0.151714
4 0.317708 0.627772 0.119960 0.074093
4 0.393313 0.395539 0.090390 0.110131
20 0.477823 0.430570 0.149194 0.187248
