4 0.568044 0.230595 0.144825 0.166835
4 0.716398 0.319304 0.235215 0.177923
20 0.287802 0.325857 0.180444 0.097782
20 0.536626 0.577747 0.170027 0.157510
4 0.087198 0.329007 0.136761 0.097530
4 0.100806 0.392767 0.117608 0.073841
4 0.076613 0.462828 0.136425 0.097530
4 0.277218 0.073211 0.084005 0.145917
4 0.072581 0.196699 0.144489 0.056704
4 0.397009 0.155746 0.159610 0.040827
4 0.718414 0.527470 0.168011 0.072581
4 0.341230 0.606099 0.123992 0.163810
4 0.511425 0.120968 0.098790 0.126008
4 0.820228 0.135207 0.119624 0.097530
4 0.947413 0.227319 0.105175 0.137097
