4 0.321573 0.483241 0.138441 0.051663
20 0.425067 0.678553 0.216398 0.121220
4 0.743616 0.715726 0.272849 0.110383
4 0.725470 0.611517 0.182796 0.091482
4 0.336190 0.728327 0.121976 0.122984
4 0.613071 0.515499 0.079637 0.075857
4 0.669019 0.777218 0.194892 0.135585
20 0.521841 0.851941 0.119624 0.155998
4 0.923051 0.885837 0.153898 0.116431
4 0.217574 0.552545 0.140793 0.067792
4 0.199597 0.836946 0.180780 0.100806
4 0.442036 0.855217 0.123992 0.083417
4 0.367776 0.901588 0.075605 0.119708
4 0.951613 0.766885 0.096774 0.083165
4 0.772681 0.936870 0.130040 0.036038
4 0.437836 0.409904 0.057124 0.091482
4 0.697413 0.897429 0.092406 0.067540
20 0.243616 0.656628 0.079973 0.104083
