4 0.526210 0.481099 0.250000 0.302419
4 0.753024 0.716608 0.422043 0.171623
4 0.244792 0.692918 0.359207 0.174647
4 0.390793 0.292087 0.113575 0.151210
4 0.163978 0.358997 0.272849 0.111643
4 0.271169 0.439390 0.168011 0.143397
4 0.159778 0.562248 0.298051 0.212702
4 0.699597 0.436996 0.201613 0.103831
4 0.837030 0.439264 0.153226 0.152722
4 0.641801 0.303049 0.266801 0.132308
4 0.835013 0.280242 0.115591 0.165323
4 0.836022 0.585811 0.147177 0.219002
4 0.855007 0.811870 0.289987 0.167087
4 0.149194 0.896043 0.184812 0.121220
4 0.464382 0.911416 0.323253 0.177167
