4 0.503780 0.267473 0.243952 0.329973
4 0.443044 0.547043 0.223286 0.385081
20 0.191532 0.740759 0.114415 0.253696
4 0.539441 0.824429 0.104083 0.136089
4 0.547253 0.633401 0.138861 0.218414
20 0.166583 0.373824 0.295363 0.169691
20 0.168725 0.132056 0.336946 0.190860
4 0.719632 0.692708 0.217490 0.199933
4 0.689894 0.881720 0.220010 0.235887
4 0.438508 0.912970 0.212198 0.173387
4 0.876638 0.317708 0.128276 0.314852
4 0.839592 0.601142 0.216482 0.273522
4 0.678301 0.139281 0.158014 0.240927
4 0.274194 0.581989 0.105343 0.106855
4 0.921245 0.452285 0.157510 0.299059
