20 0.309980 0.155620 0.254368 0.310736
4 0.149362 0.357989 0.298051 0.258821
4 0.208501 0.328881 0.262433 0.200605
4 0.629536 0.336946 0.264449 0.294355
4 0.470934 0.715726 0.174395 0.292843
4 0.796875 0.650328 0.406250 0.222026
20 0.263777 0.544103 0.342070 0.166835
4 0.354167 0.760585 0.266801 0.303931
4 0.573589 0.589844 0.130376 0.081905
4 0.859879 0.870968 0.200269 0.190524
4 0.727823 0.088080 0.250000 0.171623
4 0.900202 0.255292 0.199597 0.192036
4 0.892473 0.390247 0.215054 0.224546
20 0.512601 0.223790 0.239583 0.286794
