4 0.536122 0.302545 0.195228 0.078881
4 0.297043 0.315398 0.213038 0.068800
4 0.574597 0.190650 0.102823 0.094506
4 0.392641 0.210938 0.214718 0.111895
4 0.271505 0.508569 0.195565 0.114919
4 0.077957 0.384199 0.155242 0.159022
4 0.067204 0.589844 0.133737 0.144909
4 0.167171 0.650454 0.115255 0.140121
4 0.605007 0.553805 0.121976 0.149446
4 0.728831 0.597152 0.168011 0.094506
4 0.795867 0.388735 0.158938 0.074345
4 0.747648 0.457031 0.129704 0.081905
4 0.683804 0.160030 0.224462 0.102319
4 0.214382 0.217742 0.113575 0.088710
4 0.269321 0.117314 0.094422 0.119708
4 0.138609 0.167717 0.175739 0.056704
4 0.549899 0.088080 0.075605 0.086442
4 0.454133 0.124118 0.157594 0.082913
4 0.442708 0.226689 0.126008 0.118196
4 0.633401 0.810232 0.149194 0.204637
4 0.405242 0.820565 0.129704 0.089718
4 0.425907 0.639869 0.146841 0.060484
4 0.212366 0.737273 0.138441 0.056704
4 0.407426 0.735131 0.192540 0.111391
4 0.510585 0.883569 0.096438 0.048891
4 0.663138 0.666961 0.113239 0.059728
4 0.756552 0.690902 0.212030 0.092994
4 0.862735 0.529864 0.113239 0.075857
4 0.873656 0.659400 0.135081 0.092994
4 0.607863 0.393145 0.196237 0.080141
20 0.422211 0.451865 0.142809 0.173387
