4 0.476983 0.283140 0.096438 0.092994
4 0.539987 0.370842 0.100806 0.078881
4 0.642641 0.549269 0.105175 0.105595
4 0.217406 0.428049 0.098118 0.096018
4 0.206653 0.484123 0.115591 0.094254
4 0.309980 0.491809 0.077621 0.056704
4 0.262601 0.550151 0.054099 0.072581
4 0.287634 0.612399 0.117608 0.071069
4 0.572413 0.716482 0.073589 0.118448
4 0.552251 0.771421 0.088374 0.114919
4 0.726815 0.659526 0.163978 0.077117
4 0.486055 0.654990 0.136761 0.086694
4 0.253024 0.341482 0.170027 0.071069
4 0.725470 0.376890 0.132392 0.037550
4 0.634409 0.415701 0.063172 0.067792
4 0.692876 0.494456 0.100806 0.058468
4 0.378024 0.571699 0.067204 0.080393
4 0.338374 0.703629 0.079973 0.077117
4 0.395665 0.696069 0.056788 0.083669
4 0.553259 0.538306 0.069556 0.061492
20 0.444052 0.544859 0.081653 0.058468
4 0.616263 0.350932 0.044355 0.080393
