4 0.747648 0.251638 0.118280 0.118700
4 0.629704 0.248488 0.134409 0.121976
4 0.696405 0.356729 0.094422 0.107107
4 0.834341 0.363281 0.170027 0.105595
4 0.473118 0.175025 0.119624 0.119708
4 0.313844 0.215348 0.161290 0.071321
4 0.475134 0.323463 0.165995 0.132308
4 0.272513 0.330141 0.197581 0.092742
4 0.303931 0.438886 0.193212 0.092994
4 0.480847 0.376638 0.118280 0.154486
4 0.504704 0.495212 0.199597 0.088206
4 0.123824 0.393901 0.105847 0.173387
4 0.187836 0.561996 0.153898 0.137601
4 0.090222 0.592616 0.162970 0.167591
4 0.434980 0.731603 0.159610 0.088206
4 0.572413 0.556578 0.161626 0.094506
4 0.491095 0.621976 0.159610 0.077117
4 0.690524 0.654864 0.113575 0.106099
4 0.816532 0.610005 0.163978 0.081401
4 0.558636 0.765247 0.163642 0.092994
4 0.311660 0.890373 0.110551 0.139113
4 0.653394 0.858367 0.088374 0.124496
4 0.508401 0.868574 0.180780 0.119708
4 0.135753 0.817666 0.098790 0.170111
20 0.334005 0.586442 0.147177 0.149698
