4 0.393649 0.151840 0.170363 0.078881
4 0.627856 0.136215 0.126008 0.119708
20 0.557796 0.320439 0.098790 0.097530
4 0.592574 0.448841 0.126008 0.077117
4 0.351983 0.454133 0.136761 0.069052
4 0.384577 0.572455 0.126008 0.084929
4 0.321573 0.252520 0.104839 0.104335
4 0.477991 0.279360 0.094422 0.084929
4 0.826445 0.351941 0.132056 0.144909
4 0.921203 0.448715 0.157594 0.130796
4 0.908098 0.345262 0.111223 0.075605
4 0.727823 0.508569 0.149194 0.077117
20 0.683804 0.586568 0.145161 0.091482
4 0.457829 0.525202 0.092406 0.088206
