4 0.295363 0.591356 0.233199 0.299143
4 0.516969 0.309350 0.277218 0.144909
4 0.147345 0.335433 0.277218 0.124496
4 0.325773 0.202243 0.096438 0.204889
4 0.556788 0.204637 0.168011 0.099294
4 0.715390 0.185736 0.136425 0.099294
4 0.873992 0.236895 0.252016 0.126008
4 0.814012 0.324345 0.182460 0.092742
4 0.878024 0.400706 0.172043 0.075605
4 0.732023 0.516507 0.376008 0.143397
4 0.636593 0.603957 0.340390 0.147933
4 0.490591 0.809476 0.254032 0.306956
4 0.763609 0.849672 0.249664 0.141885
4 0.587198 0.388105 0.216062 0.148185
4 0.084173 0.719758 0.113239 0.140121
4 0.940020 0.602319 0.119960 0.198589
4 0.901210 0.859879 0.155242 0.187500
