4 0.118952 0.395035 0.237231 0.171623
4 0.277386 0.350806 0.113239 0.174899
4 0.529234 0.357989 0.176075 0.151462
4 0.606015 0.497606 0.245632 0.080393
20 0.792003 0.560610 0.348790 0.143397
4 0.705645 0.614793 0.209677 0.132308
4 0.700605 0.664567 0.216398 0.083669
4 0.406418 0.677797 0.136761 0.144909
4 0.283602 0.725806 0.163306 0.174899
4 0.369792 0.377772 0.121976 0.130544
4 0.500840 0.584047 0.140793 0.096018
4 0.570397 0.809476 0.136761 0.140121
4 0.668011 0.939642 0.268817 0.120716
4 0.339382 0.852823 0.128360 0.198589
4 0.173219 0.949219 0.312836 0.101562
4 0.141801 0.699849 0.182796 0.147681
