4 0.481855 0.669103 0.166667 0.165827
4 0.463206 0.447959 0.191196 0.173135
4 0.285114 0.441910 0.210013 0.159022
4 0.277386 0.582157 0.189180 0.111895
4 0.296875 0.658518 0.203293 0.138609
4 0.691532 0.375252 0.254032 0.112903
4 0.833333 0.340096 0.180780 0.077369
4 0.822413 0.236769 0.187164 0.131804
4 0.749664 0.581401 0.215054 0.160786
4 0.348286 0.736769 0.092406 0.086946
4 0.659946 0.630292 0.182796 0.088206
4 0.945397 0.712576 0.109207 0.135333
4 0.818548 0.831905 0.205645 0.100806
4 0.955477 0.438256 0.089046 0.151714
4 0.489919 0.845388 0.182796 0.082913
4 0.583333 0.911416 0.138441 0.092994
4 0.839214 0.438256 0.178427 0.097278
20 0.694220 0.762097 0.250000 0.166835
