4 0.687836 0.319430 0.131720 0.146421
4 0.864079 0.477193 0.161626 0.121220
4 0.814684 0.340852 0.121976 0.094506
4 0.721270 0.441406 0.098454 0.110131
4 0.656418 0.397429 0.098454 0.088206
4 0.671035 0.511719 0.098118 0.092994
4 0.491431 0.453377 0.159610 0.134073
4 0.286458 0.476184 0.178427 0.107107
4 0.458669 0.577873 0.182796 0.105847
4 0.542003 0.621976 0.180780 0.137097
4 0.209845 0.914189 0.121976 0.135333
4 0.139785 0.577873 0.144489 0.146169
4 0.505040 0.375378 0.153226 0.135837
4 0.379032 0.317792 0.136425 0.071069
4 0.352991 0.240675 0.146841 0.086694
4 0.552251 0.227445 0.138777 0.116683
4 0.098454 0.414189 0.117608 0.130796
4 0.340390 0.788684 0.147177 0.121220
4 0.320565 0.870842 0.081989 0.055192
4 0.653394 0.748110 0.088374 0.121220
4 0.766633 0.699219 0.146841 0.080393
4 0.670027 0.860635 0.184812 0.069052
4 0.462198 0.848664 0.155578 0.096018
4 0.282594 0.355847 0.178091 0.089718
4 0.449597 0.949597 0.121640 0.099294
4 0.868616 0.393397 0.123656 0.061492
4 0.656418 0.639365 0.086358 0.080141
20 0.271001 0.617314 0.155578 0.132308
