4 0.625756 0.108535 0.155746 0.204301
4 0.562752 0.232359 0.132560 0.100470
4 0.717490 0.231855 0.155746 0.096102
4 0.667717 0.348958 0.145413 0.154234
20 0.488281 0.314180 0.190272 0.132392
20 0.382308 0.437668 0.138609 0.117944
4 0.510207 0.595094 0.110131 0.215726
4 0.554183 0.495968 0.117944 0.190860
4 0.792087 0.602151 0.089214 0.211022
4 0.813760 0.678259 0.103327 0.189180
4 0.725302 0.739247 0.121472 0.183468
4 0.642389 0.758737 0.115423 0.114247
4 0.577621 0.863071 0.098286 0.198589
4 0.427419 0.814348 0.146673 0.115927
4 0.386467 0.583501 0.061744 0.079637
4 0.315146 0.642977 0.077873 0.158938
