4 0.489415 0.436240 0.226815 0.228327
4 0.561996 0.257434 0.178427 0.132308
4 0.756216 0.406250 0.243616 0.165323
4 0.753192 0.497606 0.228831 0.237651
4 0.673219 0.744078 0.396841 0.207913
4 0.350974 0.830015 0.163642 0.269405
4 0.377184 0.361391 0.203965 0.217238
4 0.195565 0.284904 0.247984 0.269405
4 0.353159 0.147177 0.268817 0.185988
4 0.753192 0.048639 0.241599 0.086694
4 0.426579 0.551915 0.155578 0.160786
4 0.155578 0.668473 0.298387 0.173135
4 0.242776 0.850050 0.228831 0.299899
4 0.848790 0.313382 0.235215 0.108619
4 0.551579 0.129914 0.191196 0.220514
4 0.730007 0.936618 0.203965 0.126764
4 0.125168 0.448085 0.249664 0.176411
