4 0.542003 0.486391 0.319220 0.300907
4 0.251008 0.532132 0.321909 0.256300
20 0.248824 0.218750 0.270497 0.206149
20 0.149362 0.362777 0.298051 0.144909
4 0.484207 0.244078 0.224462 0.181200
4 0.885417 0.343246 0.229167 0.124496
4 0.741263 0.365801 0.130376 0.104083
4 0.485047 0.726815 0.268481 0.229839
4 0.107359 0.837828 0.214046 0.187248
4 0.405410 0.826739 0.248320 0.149950
4 0.829637 0.714088 0.231183 0.195312
4 0.632056 0.270539 0.197581 0.121220
4 0.837030 0.910408 0.220430 0.178679
4 0.491431 0.943170 0.277218 0.108619
4 0.726815 0.222530 0.205645 0.075605
20 0.359207 0.624370 0.142473 0.138861
