4 0.490591 0.560610 0.560484 0.241179
4 0.409778 0.688130 0.466062 0.193800
4 0.135753 0.763105 0.270833 0.428427
4 0.197581 0.414945 0.256048 0.135333
4 0.516801 0.363785 0.222446 0.219002
4 0.631216 0.296875 0.207997 0.214214
4 0.727991 0.622732 0.228831 0.327621
4 0.846606 0.748110 0.306788 0.168599
4 0.870800 0.521295 0.258401 0.181200
4 0.836022 0.282510 0.239247 0.163810
4 0.655578 0.169985 0.235215 0.115171
4 0.761425 0.084929 0.254032 0.086694
4 0.388609 0.130544 0.243616 0.077117
4 0.694220 0.869330 0.149194 0.124244
