5 0.707750 0.692000 0.137500 0.190667
5 0.825000 0.756667 0.149000 0.208000
5 0.799000 0.579333 0.156000 0.161333
5 0.550750 0.476000 0.114500 0.129333
5 0.664500 0.335000 0.107000 0.119333
5 0.916750 0.412667 0.131500 0.196000
5 0.430000 0.446000 0.087000 0.106667
5 0.508750 0.316667 0.106500 0.097333
5 0.685500 0.521667 0.099000 0.095333
5 0.469000 0.675333 0.095000 0.094667
5 0.390750 0.713000 0.077500 0.130000
5 0.279250 0.722333 0.086500 0.128667
5 0.206500 0.737667 0.065000 0.106000
5 0.388750 0.543333 0.063500 0.116000
5 0.418750 0.381333 0.089500 0.097333
5 0.306750 0.371333 0.062500 0.082667
5 0.264000 0.438667 0.071000 0.101333
5 0.279500 0.554000 0.088000 0.129333
5 0.683000 0.202667 0.102000 0.138667
5 0.570000 0.275667 0.095000 0.096667
5 0.587500 0.196333 0.103000 0.099333
5 0.519000 0.202667 0.089000 0.096000
5 0.504750 0.315667 0.089500 0.110000
5 0.116250 0.476667 0.074500 0.104000
5 0.189250 0.462000 0.051500 0.104000
5 0.520750 0.047333 0.062500 0.092000
5 0.564000 0.103667 0.070000 0.094000
5 0.692000 0.027667 0.105000 0.052667
5 0.801500 0.027333 0.095000 0.053333
5 0.892000 0.424000 0.086000 0.184000
5 0.442000 0.072333 0.046000 0.059333
5 0.242500 0.363333 0.040000 0.062667
