5 0.185484 0.756250 0.254032 0.160500
5 0.212702 0.607750 0.215726 0.134500
5 0.382056 0.668750 0.182124 0.154500
5 0.613911 0.764500 0.239919 0.156000
5 0.369624 0.396500 0.178763 0.103000
5 0.056452 0.601500 0.111559 0.145000
5 0.441532 0.815500 0.161290 0.125000
5 0.705981 0.468500 0.149866 0.100000
5 0.580309 0.379750 0.116263 0.096500
5 0.453629 0.366250 0.134409 0.080500
5 0.379704 0.528250 0.134409 0.112500
5 0.560484 0.488000 0.133065 0.105000
5 0.945565 0.541250 0.107527 0.094500
5 0.914987 0.405250 0.090726 0.058500
5 0.738239 0.331250 0.113575 0.054500
5 0.635081 0.328250 0.133065 0.060500
5 0.511425 0.319750 0.138441 0.070500
5 0.296035 0.855250 0.289651 0.110500
5 0.718750 0.847000 0.186156 0.125000
5 0.339046 0.129250 0.128360 0.054500
5 0.878360 0.275250 0.057796 0.037500
5 0.230847 0.085750 0.144489 0.053500
5 0.195901 0.235250 0.155242 0.039500
5 0.322917 0.271250 0.127016 0.088500
5 0.409946 0.256250 0.104839 0.093500
5 0.139785 0.141000 0.155914 0.093000
5 0.317876 0.040750 0.092742 0.046500
5 0.674059 0.224000 0.053763 0.038000
5 0.727151 0.243250 0.071237 0.026500
5 0.217406 0.183750 0.131048 0.063500
5 0.208669 0.033750 0.105511 0.054500
5 0.579637 0.291250 0.104167 0.061500
