5 0.242000 0.421667 0.199000 0.242000
5 0.299000 0.735000 0.213000 0.310000
5 0.471250 0.708667 0.189500 0.257333
5 0.667500 0.795333 0.164000 0.213333
5 0.777500 0.528667 0.137000 0.222667
5 0.658250 0.364333 0.154500 0.195333
5 0.576250 0.324000 0.155500 0.180000
5 0.518750 0.465333 0.166500 0.266667
5 0.927750 0.485000 0.144500 0.223333
5 0.831500 0.841000 0.187000 0.215333
5 0.872750 0.692333 0.132500 0.150000
5 0.326250 0.264333 0.155500 0.119333
5 0.134000 0.243333 0.150000 0.114667
5 0.074750 0.348000 0.138500 0.141333
5 0.152500 0.659000 0.227000 0.279333
5 0.809250 0.055333 0.089500 0.109333
5 0.840250 0.213000 0.083500 0.128667
5 0.940750 0.324667 0.110500 0.104000
5 0.098250 0.877333 0.195500 0.238667
5 0.581000 0.845667 0.186000 0.278000
5 0.873500 0.671333 0.127000 0.177333
5 0.424000 0.355000 0.126000 0.136667
5 0.124500 0.479000 0.094000 0.136667
5 0.368750 0.518667 0.170500 0.181333
5 0.906500 0.173000 0.077000 0.082000
