5 0.675250 0.672333 0.157500 0.198000
5 0.647000 0.415000 0.071000 0.122000
5 0.468750 0.374667 0.155500 0.150667
5 0.379500 0.496000 0.136000 0.112000
5 0.582000 0.721667 0.122000 0.139333
5 0.758000 0.430667 0.096000 0.176000
5 0.558000 0.474000 0.111000 0.166667
5 0.780000 0.585667 0.103000 0.138000
5 0.195750 0.654333 0.189500 0.182000
5 0.236250 0.470000 0.073500 0.088000
5 0.120000 0.346333 0.107000 0.094000
5 0.178750 0.479000 0.064500 0.082000
5 0.056000 0.451333 0.111000 0.125333
5 0.352500 0.122333 0.093000 0.103333
5 0.210000 0.169667 0.110000 0.106000
5 0.043500 0.302000 0.086000 0.093333
5 0.459250 0.201333 0.095500 0.130667
5 0.538750 0.170000 0.088500 0.096000
5 0.560000 0.264000 0.075000 0.112000
5 0.096000 0.139333 0.108000 0.072000
5 0.266500 0.155333 0.075000 0.104000
5 0.324000 0.339333 0.144000 0.126667
5 0.197000 0.293000 0.094000 0.094000
5 0.135750 0.274000 0.105500 0.080000
5 0.096750 0.218667 0.128500 0.106667
5 0.489750 0.816333 0.159500 0.203333
5 0.219250 0.824000 0.218500 0.221333
5 0.880500 0.367333 0.064000 0.096000
5 0.854750 0.824667 0.096500 0.201333
5 0.714500 0.227667 0.093000 0.118000
5 0.693250 0.142667 0.068500 0.133333
5 0.851250 0.508333 0.110500 0.127333
5 0.690250 0.926333 0.186500 0.147333
5 0.101250 0.543333 0.173500 0.141333
