5 0.534250 0.472000 0.175500 0.190667
5 0.367500 0.518667 0.200000 0.246667
5 0.218000 0.425667 0.178000 0.212667
5 0.243500 0.840333 0.227000 0.319333
5 0.459250 0.807000 0.204500 0.346000
5 0.676750 0.834000 0.239500 0.322667
5 0.850000 0.702333 0.216000 0.188667
5 0.594750 0.358000 0.117500 0.086667
5 0.609250 0.592333 0.232500 0.120667
5 0.718000 0.328667 0.129000 0.130667
5 0.525000 0.077667 0.078000 0.108667
5 0.343500 0.265667 0.064000 0.063333
5 0.290000 0.249000 0.071000 0.063333
5 0.086500 0.558333 0.171000 0.204667
5 0.909750 0.350333 0.147500 0.176667
5 0.915000 0.556667 0.158000 0.189333
5 0.383250 0.382000 0.154500 0.122667
5 0.700000 0.468333 0.105000 0.099333
5 0.451500 0.228000 0.071000 0.068000
5 0.489500 0.280667 0.086000 0.074667
5 0.180000 0.297667 0.121000 0.111333
5 0.057750 0.400000 0.114500 0.105333
5 0.082000 0.315667 0.101000 0.079333
5 0.048500 0.809333 0.096000 0.322667
