5 0.647250 0.707333 0.190500 0.224000
5 0.519250 0.599333 0.135500 0.162667
5 0.537750 0.449333 0.139500 0.148000
5 0.662000 0.521667 0.117000 0.192667
5 0.745250 0.601000 0.175500 0.186000
5 0.927000 0.618667 0.113000 0.166667
5 0.941500 0.508000 0.094000 0.156000
5 0.843000 0.516667 0.115000 0.113333
5 0.411500 0.562000 0.126000 0.130667
5 0.334500 0.430667 0.128000 0.133333
5 0.157000 0.277667 0.122000 0.099333
5 0.212500 0.190667 0.114000 0.124000
5 0.066500 0.577667 0.129000 0.166000
5 0.125750 0.666667 0.163500 0.189333
5 0.291500 0.678333 0.202000 0.194000
5 0.072250 0.177333 0.110500 0.094667
5 0.124500 0.149333 0.108000 0.066667
5 0.570500 0.879000 0.081000 0.080667
