5 0.491263 0.504250 0.176075 0.107500
5 0.381048 0.549000 0.157258 0.097000
5 0.430108 0.310000 0.104839 0.050000
5 0.507728 0.359750 0.147177 0.115500
5 0.357863 0.434000 0.161962 0.114000
5 0.098790 0.404250 0.196237 0.207500
5 0.164651 0.214500 0.190860 0.175000
5 0.257056 0.085500 0.132392 0.092000
5 0.164651 0.084750 0.081989 0.071500
5 0.435484 0.258250 0.111559 0.065500
5 0.364247 0.316000 0.111559 0.075000
5 0.557796 0.605750 0.130376 0.115500
5 0.673387 0.523500 0.162634 0.107000
5 0.279906 0.614250 0.145833 0.111500
5 0.505376 0.377750 0.142473 0.063500
5 0.704973 0.664750 0.110215 0.085500
