5 0.119960 0.161164 0.239247 0.321825
5 0.471606 0.273185 0.279234 0.166835
5 0.860215 0.314012 0.224462 0.075605
5 0.921203 0.211694 0.157594 0.110383
5 0.901042 0.459803 0.193212 0.146421
5 0.891801 0.876008 0.216398 0.247984
5 0.462198 0.841734 0.289987 0.261593
5 0.109543 0.896169 0.218414 0.162298
5 0.146169 0.561366 0.287634 0.242692
5 0.625000 0.354209 0.174059 0.096018
5 0.672211 0.498362 0.247648 0.242692
5 0.399194 0.502268 0.180780 0.177923
5 0.507392 0.407006 0.190860 0.072581
5 0.961022 0.587324 0.077957 0.096018
5 0.818212 0.939012 0.346774 0.121976
5 0.810820 0.200731 0.121640 0.094506
5 0.547211 0.196069 0.195228 0.100806
5 0.673219 0.854461 0.262433 0.233115
