5 0.359207 0.835307 0.184812 0.118196
5 0.348622 0.693674 0.155578 0.105595
5 0.593078 0.591230 0.120968 0.054435
5 0.707997 0.629158 0.127688 0.064768
5 0.455813 0.652722 0.103159 0.074093
5 0.636929 0.544985 0.118616 0.039567
5 0.486559 0.587324 0.061828 0.047631
5 0.443380 0.600932 0.079637 0.043599
5 0.517305 0.747102 0.120632 0.044103
5 0.234207 0.292087 0.076613 0.046875
5 0.285282 0.351184 0.067204 0.027470
5 0.254872 0.378276 0.053427 0.034778
5 0.352487 0.400328 0.093414 0.047127
5 0.428595 0.386215 0.035954 0.026966
5 0.439516 0.432712 0.087366 0.028226
5 0.696069 0.508821 0.080981 0.038306
5 0.526882 0.486517 0.084677 0.038558
5 0.120464 0.210685 0.087030 0.045363
5 0.157426 0.801789 0.133401 0.072833
5 0.198757 0.731981 0.177083 0.144405
5 0.207157 0.562878 0.116599 0.046623
5 0.238239 0.475680 0.113575 0.030998
5 0.644153 0.693296 0.134409 0.080645
