5 0.688844 0.566910 0.369624 0.245716
5 0.470430 0.524194 0.252016 0.138609
5 0.316028 0.688130 0.430444 0.236139
5 0.614247 0.800781 0.384409 0.244204
5 0.463038 0.451865 0.304435 0.179435
5 0.860047 0.428175 0.249664 0.160786
5 0.897009 0.242314 0.205981 0.116683
5 0.332997 0.402974 0.216398 0.166835
5 0.169019 0.521925 0.321237 0.127520
5 0.674227 0.332157 0.260417 0.198589
5 0.871640 0.722656 0.239247 0.107107
5 0.207997 0.299899 0.151210 0.086694
5 0.152386 0.392011 0.157594 0.072329
5 0.116599 0.137601 0.153226 0.086694
5 0.175571 0.845640 0.350470 0.308720
5 0.886257 0.714088 0.214046 0.111643
