5 0.261425 0.371472 0.350806 0.201613
5 0.609039 0.324219 0.361223 0.157510
5 0.452621 0.231351 0.287634 0.116431
5 0.673219 0.177797 0.279234 0.129284
5 0.464214 0.128906 0.222782 0.107107
5 0.593414 0.058090 0.182796 0.110131
8 0.821069 0.085559 0.075605 0.096018
8 0.871640 0.259703 0.100806 0.091482
8 0.916835 0.448715 0.128024 0.122732
8 0.935652 0.729083 0.128024 0.113407
8 0.928427 0.862147 0.143145 0.187500
5 0.515625 0.559728 0.434476 0.281754
5 0.159778 0.626638 0.318884 0.286542
5 0.307796 0.837702 0.569220 0.324597
8 0.822245 0.757308 0.069220 0.050403
8 0.701445 0.481729 0.079637 0.081905
8 0.607023 0.448715 0.075605 0.097530
8 0.267809 0.143145 0.111559 0.097782
8 0.150202 0.142389 0.061156 0.099294
8 0.179603 0.192792 0.064852 0.061492
8 0.212198 0.058846 0.079637 0.067792
8 0.365423 0.067540 0.096438 0.063004
