5 0.437836 0.258191 0.304435 0.170111
5 0.263609 0.224168 0.249664 0.118196
5 0.319388 0.403730 0.327621 0.162298
5 0.847446 0.208417 0.283602 0.187500
5 0.609207 0.351815 0.252016 0.149698
5 0.494624 0.536164 0.224462 0.143397
5 0.791835 0.554940 0.243616 0.099294
5 0.382224 0.616431 0.210013 0.140121
5 0.090390 0.169859 0.155242 0.151210
5 0.590054 0.693548 0.201613 0.124496
5 0.948421 0.455015 0.103159 0.204889
5 0.724462 0.713332 0.184812 0.107107
5 0.337198 0.855091 0.195228 0.091230
5 0.872648 0.797631 0.245968 0.174899
5 0.176411 0.670741 0.201613 0.107107
5 0.233199 0.528226 0.218414 0.130544
5 0.561828 0.833795 0.132392 0.146421
5 0.697245 0.848034 0.184812 0.137097
5 0.355007 0.061996 0.306788 0.121472
5 0.692036 0.089592 0.153562 0.104083
5 0.900034 0.054940 0.199933 0.103831
5 0.086358 0.310862 0.172043 0.102571
