5 0.650202 0.398438 0.274866 0.137097
5 0.838206 0.360635 0.323589 0.149698
5 0.452789 0.356603 0.224798 0.148185
5 0.789987 0.737777 0.420027 0.419103
5 0.344758 0.231477 0.252016 0.184224
5 0.349798 0.592112 0.182796 0.184224
5 0.209173 0.779486 0.396841 0.253528
5 0.247984 0.065272 0.247984 0.091230
5 0.899026 0.066910 0.113239 0.069304
5 0.725806 0.191280 0.111559 0.088206
5 0.625000 0.253528 0.195565 0.051915
5 0.584173 0.906754 0.294019 0.186492
5 0.347782 0.886215 0.413978 0.227571
5 0.617608 0.184224 0.147177 0.114919
