5 0.427419 0.543977 0.590054 0.379788
8 0.765625 0.703125 0.258401 0.190524
8 0.880040 0.840096 0.163978 0.127772
8 0.409610 0.756552 0.188844 0.111895
8 0.869456 0.209299 0.105175 0.104083
8 0.779234 0.150958 0.067204 0.091230
5 0.665659 0.261215 0.470430 0.308720
5 0.222614 0.294355 0.428427 0.264617
5 0.222782 0.871598 0.386425 0.256804
5 0.371808 0.074849 0.373992 0.149194
8 0.867440 0.570060 0.155578 0.088206
8 0.738239 0.893649 0.174059 0.102319
8 0.957661 0.495968 0.079973 0.091230
8 0.716230 0.550277 0.105175 0.111643
