5 0.369624 0.904612 0.197581 0.159022
5 0.525034 0.857359 0.155578 0.152722
5 0.481015 0.476310 0.193212 0.102319
5 0.681620 0.507056 0.212030 0.088206
5 0.341230 0.529864 0.161626 0.045615
5 0.588038 0.713332 0.168011 0.141885
5 0.504032 0.630544 0.117608 0.099294
5 0.073589 0.771547 0.138441 0.157510
5 0.178595 0.338458 0.138777 0.059980
5 0.735215 0.683468 0.134409 0.100806
5 0.902218 0.533014 0.195565 0.086694
5 0.664651 0.261215 0.136425 0.066280
5 0.310820 0.446321 0.134409 0.067540
5 0.155410 0.492818 0.205981 0.078881
5 0.078797 0.301411 0.119960 0.048891
5 0.949429 0.952747 0.101142 0.078881
