8 0.900874 0.455771 0.100806 0.055192
5 0.612231 0.816406 0.190860 0.143397
5 0.578629 0.454133 0.229167 0.200101
5 0.347614 0.496724 0.312836 0.193548
5 0.595430 0.602319 0.245968 0.165323
5 0.368616 0.699975 0.279570 0.184224
5 0.382224 0.288810 0.306788 0.200101
5 0.636425 0.273816 0.264785 0.170111
5 0.716062 0.132182 0.268817 0.107107
5 0.497648 0.153352 0.168011 0.124244
5 0.585853 0.070565 0.193212 0.075605
5 0.814852 0.062752 0.155242 0.088206
5 0.929435 0.197455 0.141129 0.096018
5 0.807628 0.258821 0.094422 0.137097
5 0.364415 0.068296 0.123992 0.071069
5 0.344590 0.134451 0.142809 0.080393
