5 0.238750 0.873000 0.089500 0.111333
5 0.185000 0.593333 0.150000 0.200000
5 0.335500 0.416333 0.142000 0.131333
5 0.348500 0.269667 0.086000 0.120667
5 0.177000 0.284333 0.078000 0.088667
5 0.068000 0.365333 0.135000 0.181333
5 0.350750 0.774333 0.074500 0.126000
5 0.405250 0.686000 0.074500 0.116000
5 0.642000 0.818000 0.085000 0.132000
5 0.750750 0.759000 0.067500 0.116667
5 0.522750 0.478333 0.069500 0.088667
5 0.463500 0.481333 0.070000 0.104000
5 0.051750 0.057667 0.102500 0.114000
5 0.281000 0.166000 0.074000 0.102667
5 0.475750 0.715667 0.084500 0.100667
5 0.903750 0.615333 0.061500 0.096000
5 0.612000 0.276000 0.057000 0.077333
5 0.556000 0.239333 0.057000 0.085333
5 0.333250 0.548000 0.116500 0.178667
5 0.907250 0.745667 0.068500 0.099333
