5 0.730500 0.683000 0.299000 0.414000
5 0.471250 0.726333 0.261500 0.430000
5 0.213500 0.754333 0.295000 0.348667
5 0.896250 0.614000 0.207500 0.428000
5 0.626250 0.378333 0.148500 0.186000
5 0.804750 0.362667 0.168500 0.210667
5 0.433500 0.490000 0.186000 0.278667
5 0.211750 0.462667 0.138500 0.162667
5 0.072750 0.498333 0.144500 0.184667
5 0.342500 0.155000 0.077000 0.083333
5 0.275250 0.230000 0.067500 0.085333
5 0.676750 0.103000 0.140500 0.184667
5 0.214000 0.750333 0.292000 0.350000
5 0.061000 0.289333 0.121000 0.144000
5 0.150750 0.316333 0.130500 0.118000
5 0.156500 0.386000 0.135000 0.084000
5 0.220500 0.055667 0.072000 0.083333
5 0.520000 0.816333 0.301000 0.320667
5 0.251250 0.107000 0.068500 0.062000
5 0.355500 0.055000 0.058000 0.063333
5 0.317000 0.450667 0.137000 0.066667
5 0.292000 0.363000 0.083000 0.090000
5 0.127500 0.155000 0.095000 0.078000
5 0.552000 0.288333 0.079000 0.164667
