5 0.759500 0.651000 0.213000 0.260667
5 0.616250 0.500000 0.168500 0.225333
5 0.411750 0.568333 0.154500 0.187333
5 0.326500 0.798333 0.107000 0.155333
5 0.384500 0.892333 0.098000 0.156667
5 0.729750 0.190000 0.134500 0.141333
5 0.496250 0.292667 0.117500 0.137333
5 0.239250 0.711333 0.127500 0.208000
5 0.499000 0.433333 0.155000 0.182667
5 0.775000 0.907000 0.122000 0.160667
5 0.468000 0.741667 0.149000 0.215333
5 0.624500 0.821333 0.085000 0.073333
5 0.434750 0.934000 0.092500 0.109333
7 0.116500 0.710667 0.075000 0.105333
7 0.051750 0.749667 0.075500 0.112667
7 0.190000 0.537000 0.084000 0.120667
7 0.268750 0.301333 0.071500 0.097333
7 0.269250 0.914333 0.063500 0.075333
7 0.314250 0.935333 0.062500 0.092000
7 0.679250 0.955333 0.077500 0.078667
7 0.610500 0.959667 0.064000 0.080667
7 0.543500 0.963000 0.068000 0.074000
5 0.081500 0.558333 0.112000 0.098000
5 0.046250 0.415667 0.058500 0.087333
