5 0.567250 0.803667 0.246500 0.339333
5 0.779250 0.482000 0.175500 0.189333
5 0.317750 0.275667 0.161500 0.214000
5 0.070500 0.225667 0.112000 0.168667
5 0.239500 0.835667 0.257000 0.300667
5 0.695500 0.530000 0.190000 0.257333
5 0.511250 0.296000 0.160500 0.201333
5 0.748500 0.247333 0.214000 0.202667
5 0.901250 0.541667 0.066500 0.100667
5 0.504750 0.694667 0.189500 0.248000
5 0.371000 0.693667 0.187000 0.262000
5 0.233250 0.722333 0.265500 0.282000
5 0.061750 0.607000 0.122500 0.318000
5 0.192000 0.311333 0.150000 0.161333
5 0.401250 0.244333 0.154500 0.187333
5 0.853750 0.324667 0.131500 0.237333
5 0.616000 0.258000 0.144000 0.160000
5 0.107750 0.074667 0.181500 0.148000
5 0.129250 0.452667 0.147500 0.152000
