5 0.744250 0.510000 0.152500 0.180000
5 0.638000 0.634000 0.151000 0.173333
5 0.931000 0.521667 0.135000 0.168667
5 0.832250 0.596000 0.146500 0.153333
5 0.770000 0.724000 0.134000 0.222667
5 0.452500 0.658333 0.122000 0.119333
5 0.332250 0.740333 0.146500 0.147333
5 0.239250 0.718000 0.097500 0.105333
5 0.632000 0.490000 0.100000 0.124000
5 0.500750 0.440000 0.102500 0.124000
5 0.338500 0.486000 0.080000 0.082667
5 0.351250 0.431667 0.087500 0.063333
5 0.099000 0.757333 0.134000 0.153333
5 0.946250 0.735000 0.107500 0.167333
5 0.666500 0.385333 0.092000 0.060000
5 0.118250 0.652667 0.095500 0.093333
5 0.308250 0.616333 0.094500 0.126000
5 0.060000 0.655000 0.086000 0.088667
