5 0.609543 0.744250 0.091398 0.077500
5 0.477151 0.704500 0.150538 0.086000
5 0.375000 0.575500 0.182796 0.112000
5 0.483535 0.534250 0.133737 0.110500
5 0.891801 0.567250 0.067204 0.060500
5 0.831317 0.528250 0.072581 0.051500
5 0.450269 0.473750 0.081989 0.050500
5 0.371304 0.477250 0.075941 0.043500
5 0.311156 0.475500 0.181452 0.107000
5 0.276882 0.382750 0.170699 0.086500
5 0.403562 0.342250 0.164651 0.047500
5 0.373992 0.277750 0.148522 0.079500
5 0.269489 0.300500 0.145161 0.078000
5 0.246304 0.236250 0.159274 0.061500
5 0.098790 0.214000 0.090054 0.059000
5 0.621976 0.312250 0.081317 0.043500
5 0.703965 0.328750 0.100134 0.060500
5 0.683132 0.380500 0.081317 0.055000
5 0.699261 0.453250 0.098790 0.059500
5 0.786290 0.429500 0.077957 0.038000
5 0.871976 0.212500 0.047715 0.025000
5 0.069556 0.170250 0.102823 0.040500
5 0.336022 0.212000 0.131720 0.058000
5 0.207997 0.196000 0.155242 0.058000
5 0.666667 0.283250 0.086022 0.043500
5 0.807460 0.286750 0.088038 0.047500
5 0.901210 0.489000 0.099462 0.080000
5 0.843414 0.455500 0.068548 0.063000
5 0.941868 0.355250 0.059812 0.033500
5 0.925067 0.310250 0.071909 0.047500
5 0.771841 0.233500 0.081317 0.036000
5 0.681788 0.217250 0.070565 0.026500
5 0.545027 0.227000 0.083333 0.022000
5 0.464046 0.219500 0.077285 0.042000
5 0.430108 0.416500 0.168011 0.077000
5 0.542339 0.401250 0.141129 0.058500
5 0.493616 0.350500 0.101478 0.054000
5 0.511089 0.623000 0.143145 0.102000
