5 0.592070 0.394750 0.100806 0.077500
5 0.439852 0.452250 0.159274 0.111500
5 0.433468 0.352750 0.158602 0.078500
5 0.658266 0.465000 0.121640 0.118000
5 0.740927 0.366750 0.155242 0.130500
5 0.468078 0.535500 0.149866 0.082000
5 0.459341 0.650750 0.143145 0.101500
5 0.576277 0.643000 0.133737 0.117000
5 0.405242 0.887250 0.111559 0.129500
5 0.076277 0.771750 0.151210 0.160500
5 0.754032 0.572500 0.162634 0.240000
5 0.835685 0.700500 0.198253 0.236000
5 0.312836 0.559750 0.192876 0.075500
5 0.204301 0.476500 0.232527 0.092000
5 0.122312 0.550000 0.172043 0.129000
5 0.752688 0.853750 0.134409 0.213500
5 0.298387 0.171500 0.134409 0.078000
5 0.149194 0.303500 0.169355 0.099000
5 0.295027 0.278250 0.139785 0.109500
5 0.529570 0.070500 0.091398 0.057000
5 0.277218 0.096000 0.153898 0.071000
5 0.518145 0.224750 0.129032 0.081500
5 0.402890 0.245000 0.120296 0.071000
5 0.770833 0.275000 0.118280 0.084000
5 0.873992 0.345750 0.153898 0.135500
5 0.882392 0.188750 0.087366 0.062500
5 0.943548 0.179500 0.112903 0.085000
5 0.737231 0.149250 0.135753 0.056500
5 0.360887 0.034250 0.118280 0.052500
5 0.212366 0.663000 0.150538 0.216000
5 0.089046 0.906500 0.176747 0.142000
5 0.255376 0.909250 0.194892 0.147500
5 0.545699 0.849250 0.091398 0.048500
5 0.168011 0.038000 0.118280 0.068000
5 0.523522 0.151500 0.161290 0.074000
5 0.865255 0.081250 0.075941 0.047500
5 0.118952 0.196500 0.106183 0.067000
5 0.192540 0.222250 0.149866 0.086500
5 0.484207 0.755750 0.081317 0.143500
5 0.391129 0.744000 0.122312 0.159000
5 0.072917 0.359000 0.144489 0.092000
5 0.079973 0.444500 0.158602 0.132000
5 0.352151 0.430750 0.274194 0.128500
