5 0.622250 0.599333 0.098500 0.144000
5 0.587250 0.460333 0.091500 0.123333
5 0.533500 0.574333 0.095000 0.124667
5 0.687750 0.524000 0.100500 0.128000
5 0.489250 0.505000 0.104500 0.120667
5 0.461000 0.396000 0.079000 0.094667
5 0.743000 0.639333 0.090000 0.132000
5 0.787000 0.527667 0.095000 0.134000
5 0.812750 0.668667 0.064500 0.149333
5 0.423500 0.534333 0.105000 0.128667
5 0.396250 0.432000 0.070500 0.105333
5 0.385250 0.577667 0.046500 0.127333
5 0.433000 0.292333 0.066000 0.080667
5 0.322000 0.470000 0.114000 0.126667
5 0.303250 0.298000 0.072500 0.092000
5 0.260750 0.328333 0.048500 0.104667
5 0.276500 0.553333 0.087000 0.133333
5 0.320750 0.658000 0.109500 0.149333
5 0.240750 0.702333 0.074500 0.110000
5 0.867250 0.364000 0.107500 0.117333
