5 0.466062 0.438000 0.155242 0.119000
5 0.453629 0.346500 0.134409 0.086000
5 0.081989 0.429250 0.162634 0.129500
5 0.148858 0.536250 0.180780 0.131500
5 0.442204 0.289000 0.162634 0.090000
5 0.610887 0.385250 0.099462 0.072500
5 0.743616 0.339000 0.157930 0.172000
5 0.766129 0.270000 0.135753 0.112000
5 0.842742 0.330000 0.099462 0.161000
5 0.692540 0.459250 0.131048 0.131500
5 0.403226 0.235750 0.112903 0.069500
5 0.308132 0.276250 0.140457 0.107500
5 0.163978 0.291750 0.166667 0.096500
5 0.329973 0.415000 0.166667 0.119000
5 0.524530 0.217000 0.124328 0.086000
5 0.507392 0.065250 0.100806 0.060500
5 0.257728 0.092750 0.141801 0.076500
5 0.498656 0.645000 0.145161 0.108000
5 0.490255 0.516750 0.161962 0.076500
5 0.280242 0.523000 0.190860 0.120000
5 0.354503 0.552750 0.192876 0.085500
5 0.102823 0.765250 0.201613 0.160500
5 0.765121 0.545000 0.161962 0.261000
5 0.202957 0.930750 0.404570 0.138500
5 0.325269 0.021500 0.138441 0.042000
