5 0.610551 0.437000 0.094758 0.079000
5 0.679772 0.462250 0.059812 0.048500
5 0.555108 0.199250 0.068548 0.033500
5 0.582997 0.306750 0.071909 0.038500
5 0.681788 0.330000 0.067876 0.031000
5 0.672043 0.363500 0.065860 0.036000
5 0.677419 0.405250 0.079301 0.051500
5 0.365591 0.373750 0.149194 0.096500
5 0.323589 0.292750 0.141801 0.087500
5 0.388777 0.238750 0.118952 0.055500
5 0.448253 0.210750 0.095430 0.053500
5 0.626008 0.282000 0.046371 0.019000
5 0.292339 0.238750 0.122312 0.057500
5 0.238239 0.207500 0.092070 0.055000
5 0.229839 0.292000 0.133065 0.099000
5 0.225470 0.394750 0.151210 0.094500
5 0.161626 0.319250 0.133737 0.080500
5 0.072245 0.266250 0.139113 0.087500
5 0.145497 0.238250 0.156586 0.091500
5 0.355847 0.147500 0.054435 0.031000
5 0.344758 0.112000 0.044355 0.024000
5 0.258401 0.654000 0.239919 0.138000
5 0.083333 0.730500 0.165323 0.136000
5 0.453965 0.876000 0.245296 0.202000
5 0.192204 0.852500 0.254032 0.172000
5 0.253360 0.943000 0.271505 0.114000
5 0.647513 0.800500 0.057124 0.047000
5 0.700269 0.804250 0.051075 0.050500
5 0.745296 0.884750 0.045699 0.052500
5 0.111223 0.508250 0.183468 0.141500
5 0.224126 0.022750 0.051747 0.025500
