5 0.237750 0.398667 0.226500 0.248000
5 0.139500 0.612333 0.235000 0.270000
5 0.327750 0.665667 0.160500 0.196667
5 0.286750 0.854333 0.182500 0.251333
5 0.151750 0.171333 0.238500 0.289333
5 0.453250 0.410000 0.188500 0.246667
5 0.551000 0.689667 0.100000 0.204667
5 0.608000 0.826333 0.102000 0.186000
5 0.715000 0.845000 0.116000 0.176667
5 0.260500 0.232667 0.121000 0.180000
5 0.435000 0.053000 0.128000 0.104667
5 0.598750 0.573667 0.079500 0.186000
5 0.157500 0.793667 0.166000 0.214000
5 0.500000 0.580667 0.120000 0.166667
5 0.682250 0.589000 0.107500 0.147333
5 0.811750 0.503333 0.054500 0.138667
5 0.807500 0.371333 0.069000 0.141333
5 0.886000 0.388000 0.059000 0.086667
5 0.429500 0.053000 0.125000 0.104667
5 0.484250 0.231667 0.073500 0.107333
5 0.619500 0.252000 0.075000 0.152000
5 0.714500 0.293333 0.069000 0.126667
5 0.682750 0.109667 0.035500 0.060667
5 0.869000 0.267333 0.039000 0.066667
5 0.822750 0.287333 0.050500 0.066667
5 0.746750 0.722667 0.059500 0.109333
5 0.856500 0.730000 0.077000 0.140000
5 0.452250 0.902333 0.173500 0.195333
5 0.788750 0.730000 0.041500 0.074667
