18 0.783266 0.667591 0.285618 0.179435
18 0.598622 0.639239 0.230847 0.167087
18 0.318212 0.949597 0.296371 0.100806
5 0.438844 0.302923 0.151210 0.111895
5 0.400202 0.210055 0.149194 0.099042
5 0.282594 0.274698 0.086022 0.111895
5 0.117776 0.623614 0.234879 0.170111
5 0.219590 0.827495 0.241599 0.149446
5 0.440020 0.761341 0.271169 0.250504
18 0.587030 0.426663 0.212366 0.176411
5 0.768649 0.404612 0.172379 0.122732
5 0.882056 0.355721 0.163978 0.069304
5 0.640625 0.306956 0.142809 0.078629
18 0.919019 0.473790 0.161962 0.151210
18 0.716230 0.784904 0.210013 0.168599
5 0.801243 0.914062 0.228831 0.162298
