5 0.406418 0.298261 0.292003 0.178175
5 0.390625 0.533014 0.230847 0.187500
5 0.167003 0.435232 0.321237 0.152722
5 0.559644 0.462828 0.174395 0.160534
5 0.620632 0.671623 0.338038 0.190524
5 0.125168 0.684098 0.249664 0.282006
5 0.099966 0.294229 0.199261 0.195312
5 0.386425 0.085811 0.289651 0.171119
5 0.656250 0.191910 0.304435 0.210938
18 0.684644 0.399068 0.180444 0.140373
5 0.813844 0.433720 0.161962 0.127520
5 0.942036 0.404486 0.115927 0.126008
5 0.882224 0.762979 0.235551 0.269405
18 0.506216 0.914189 0.340390 0.171623
5 0.907258 0.214844 0.147177 0.155998
5 0.843246 0.125000 0.140793 0.121472
