9 0.670625 0.089375 0.071250 0.096250
9 0.560000 0.103750 0.085000 0.087500
9 0.796250 0.120625 0.147500 0.091250
9 0.681875 0.182500 0.051250 0.050000
9 0.503750 0.175000 0.055000 0.097500
9 0.434375 0.153750 0.061250 0.050000
9 0.401875 0.120000 0.101250 0.052500
9 0.291875 0.246875 0.061250 0.103750
9 0.470000 0.272500 0.060000 0.060000
9 0.254375 0.168125 0.088750 0.058750
9 0.186250 0.205625 0.110000 0.096250
9 0.166875 0.320000 0.073750 0.082500
9 0.415625 0.399375 0.098750 0.066250
9 0.680000 0.216875 0.092500 0.048750
9 0.754375 0.275000 0.101250 0.075000
9 0.699375 0.344375 0.128750 0.073750
9 0.850000 0.221875 0.047500 0.088750
9 0.821250 0.282500 0.072500 0.037500
9 0.773125 0.413750 0.063750 0.072500
9 0.668750 0.429375 0.122500 0.066250
9 0.733750 0.492500 0.095000 0.090000
9 0.826250 0.486250 0.085000 0.092500
9 0.538125 0.384375 0.088750 0.063750
9 0.397500 0.276875 0.087500 0.051250
9 0.643750 0.490625 0.107500 0.061250
9 0.247500 0.414375 0.070000 0.071250
9 0.298125 0.452500 0.048750 0.067500
9 0.386250 0.448125 0.092500 0.048750
9 0.160625 0.040625 0.063750 0.026250
9 0.578125 0.418125 0.048750 0.083750
9 0.591250 0.238750 0.092500 0.040000
9 0.631875 0.326250 0.066250 0.075000
