9 0.449429 0.399824 0.382056 0.217490
9 0.130208 0.632182 0.214046 0.259829
9 0.317036 0.284022 0.394825 0.149698
9 0.551411 0.206905 0.254032 0.111895
9 0.652218 0.110887 0.153226 0.124496
9 0.897009 0.317918 0.205981 0.144909
9 0.579637 0.533770 0.222446 0.129032
9 0.440020 0.684224 0.115255 0.152722
9 0.780242 0.593498 0.123656 0.151210
9 0.716230 0.765247 0.155578 0.144909
9 0.564012 0.708543 0.212030 0.129284
9 0.700437 0.912550 0.123992 0.174899
9 0.742440 0.289567 0.103159 0.122984
9 0.113575 0.751890 0.226478 0.130796
