2 0.606192 0.410916 0.229167 0.179905
2 0.529659 0.645725 0.353299 0.351780
2 0.328125 0.388455 0.198495 0.203125
2 0.775608 0.133464 0.283275 0.133247
2 0.888310 0.250434 0.223380 0.141059
2 0.910012 0.383681 0.175926 0.078993
2 0.183883 0.816298 0.367188 0.367405
2 0.086806 0.458876 0.173032 0.204644
2 0.210359 0.251302 0.268519 0.151910
2 0.751881 0.797526 0.210938 0.162760
2 0.724971 0.580621 0.210938 0.144314
2 0.496672 0.141927 0.270544 0.122396
2 0.252749 0.059028 0.250289 0.117622
2 0.222801 0.534071 0.227431 0.168837
