2 0.612147 0.458837 0.230343 0.310148
2 0.479587 0.612735 0.214718 0.240255
2 0.099168 0.720598 0.128276 0.193884
2 0.202243 0.580477 0.089970 0.093078
2 0.224042 0.478159 0.126008 0.147177
2 0.279738 0.346774 0.117440 0.185484
2 0.070312 0.149194 0.123488 0.151882
2 0.207157 0.181284 0.164315 0.187164
2 0.060106 0.366935 0.088962 0.126344
2 0.035030 0.602151 0.069556 0.168011
2 0.109375 0.900034 0.218246 0.199933
2 0.721396 0.740591 0.244708 0.326613
2 0.462198 0.227655 0.283266 0.353831
2 0.608619 0.074429 0.112903 0.148185
2 0.522807 0.069220 0.058720 0.113575
22 0.407510 0.755040 0.188508 0.230511
2 0.315776 0.877520 0.179940 0.228831
