2 0.730143 0.273148 0.031467 0.051505
2 0.764540 0.250434 0.024740 0.037905
2 0.657552 0.253183 0.044705 0.068287
2 0.700412 0.314236 0.037977 0.056713
2 0.605143 0.247251 0.056207 0.077257
2 0.546875 0.271557 0.051649 0.077257
2 0.500977 0.239005 0.053602 0.076968
2 0.496311 0.288628 0.055990 0.056424
2 0.666775 0.310619 0.041450 0.053530
2 0.624891 0.301794 0.039280 0.056713
2 0.619141 0.356916 0.054253 0.064525
2 0.602214 0.401476 0.064236 0.074363
2 0.520942 0.375145 0.057509 0.083044
2 0.557617 0.414931 0.044054 0.061343
2 0.334961 0.158854 0.071832 0.086227
2 0.390734 0.158999 0.036675 0.052373
2 0.433051 0.191840 0.072700 0.083333
2 0.428928 0.125723 0.032769 0.037905
2 0.363607 0.305556 0.044488 0.053241
2 0.387261 0.265914 0.041450 0.074074
2 0.137153 0.683015 0.059896 0.092882
2 0.214301 0.707899 0.072266 0.102720
2 0.166884 0.616609 0.049045 0.081597
2 0.069227 0.611979 0.043837 0.054398
2 0.101780 0.570747 0.054253 0.072627
2 0.302300 0.849248 0.040799 0.047454
2 0.218533 0.767216 0.086372 0.070891
2 0.419271 0.759983 0.054688 0.099248
2 0.409505 0.697193 0.064236 0.083044
2 0.376736 0.673177 0.023438 0.042535
2 0.348090 0.678964 0.036024 0.029803
2 0.343641 0.739149 0.059679 0.071470
2 0.465820 0.805700 0.074436 0.107928
2 0.351454 0.497396 0.050130 0.063657
2 0.283963 0.530816 0.050564 0.065104
2 0.268229 0.474971 0.042101 0.054688
2 0.339084 0.352286 0.061415 0.091725
2 0.242947 0.368924 0.069661 0.086227
2 0.195421 0.339988 0.074870 0.095486
22 0.250651 0.265480 0.060330 0.058738
2 0.455078 0.392216 0.062500 0.090567
2 0.434462 0.338542 0.069878 0.067708
2 0.438260 0.498843 0.070530 0.073495
2 0.404948 0.427807 0.069444 0.100984
2 0.502604 0.549334 0.060764 0.075521
2 0.486111 0.471354 0.063802 0.085069
2 0.493707 0.705295 0.072917 0.083623
2 0.559462 0.682870 0.068142 0.103009
2 0.352322 0.544705 0.061415 0.067998
2 0.420573 0.247106 0.043403 0.040509
2 0.638238 0.470631 0.035156 0.035590
2 0.774631 0.689525 0.088759 0.123843
2 0.570312 0.779948 0.081597 0.106192
2 0.895182 0.720631 0.062066 0.083623
2 0.944010 0.708044 0.048611 0.067130
2 0.882161 0.586227 0.058160 0.085648
2 0.868598 0.509115 0.053602 0.074363
2 0.922309 0.505353 0.039497 0.059896
2 0.672960 0.794271 0.096788 0.125579
2 0.743273 0.571036 0.066840 0.093461
22 0.563477 0.555266 0.091363 0.129630
22 0.664280 0.566985 0.086806 0.134549
22 0.620334 0.674190 0.070964 0.098958
22 0.543837 0.470341 0.048611 0.059317
2 0.609701 0.483796 0.032769 0.042245
22 0.258355 0.171875 0.037977 0.046296
22 0.296332 0.205150 0.042752 0.063079
2 0.155707 0.460938 0.065755 0.112847
2 0.234049 0.471499 0.085286 0.132234
2 0.290473 0.711806 0.074002 0.125579
2 0.586155 0.878183 0.087674 0.097801
2 0.503472 0.915220 0.104167 0.111690
2 0.896159 0.656395 0.051866 0.072049
2 0.940430 0.556568 0.025391 0.030961
2 0.928494 0.439091 0.032335 0.048322
2 0.832899 0.637587 0.066840 0.103877
2 0.979818 0.577257 0.040365 0.075810
2 0.972548 0.650752 0.054905 0.089120
