8 0.483535 0.461250 0.035618 0.071500
8 0.597110 0.456000 0.180780 0.079000
7 0.340054 0.541250 0.244624 0.077500
7 0.365927 0.442000 0.143145 0.112000
7 0.498992 0.369000 0.042339 0.171000
7 0.535282 0.446500 0.071909 0.087000
7 0.487567 0.526750 0.040995 0.065500
7 0.410618 0.425250 0.122312 0.123500
7 0.591062 0.535250 0.191532 0.058500
5 0.717742 0.067500 0.142473 0.126000
5 0.589382 0.052000 0.120968 0.096000
5 0.801411 0.189500 0.061156 0.047000
5 0.713374 0.247750 0.094758 0.096500
5 0.859543 0.135250 0.048387 0.051500
5 0.121304 0.231250 0.241263 0.278500
5 0.284274 0.100000 0.462366 0.199000
