7 0.321221 0.232397 0.426841 0.464147
7 0.251211 0.519057 0.501938 0.121447
7 0.277374 0.776001 0.509690 0.447997
7 0.459060 0.322028 0.141957 0.229328
7 0.578367 0.289890 0.073886 0.333656
7 0.625727 0.246609 0.133721 0.426034
7 0.801114 0.241602 0.387597 0.482558
7 0.771076 0.475129 0.223837 0.150517
7 0.735223 0.581234 0.154554 0.123062
7 0.727229 0.537306 0.161337 0.078488
7 0.505814 0.749677 0.126938 0.336563
7 0.666788 0.758398 0.222626 0.483204
7 0.684593 0.715924 0.152132 0.373708
7 0.669574 0.575097 0.122093 0.104328
