7 0.685562 0.538114 0.272287 0.350775
7 0.576672 0.477067 0.065649 0.124677
7 0.634811 0.538114 0.135901 0.242894
7 0.334908 0.387112 0.371851 0.135336
7 0.279191 0.240472 0.504118 0.207687
7 0.490068 0.221899 0.097868 0.201550
7 0.525315 0.176680 0.140746 0.344315
7 0.619428 0.189761 0.130329 0.358204
7 0.660368 0.261305 0.214632 0.237080
7 0.735950 0.162145 0.257267 0.309432
7 0.683503 0.368217 0.179990 0.100129
7 0.506904 0.539729 0.106347 0.221576
7 0.578973 0.545866 0.081880 0.147933
7 0.462452 0.527455 0.111919 0.172481
