7 0.484012 0.607673 0.333472 0.297698
7 0.338663 0.582864 0.115864 0.248082
7 0.405316 0.486701 0.239203 0.176471
7 0.397218 0.254987 0.182309 0.221483
7 0.549626 0.191560 0.343439 0.299233
7 0.258098 0.185422 0.057724 0.369821
7 0.178156 0.256522 0.112126 0.190793
7 0.102159 0.345780 0.203488 0.105371
7 0.161960 0.591304 0.149502 0.181074
7 0.693522 0.272123 0.088040 0.110486
7 0.790905 0.200000 0.084302 0.232225
7 0.847591 0.140921 0.117110 0.257289
7 0.723214 0.184655 0.099252 0.198465
7 0.876453 0.369054 0.247093 0.077238
7 0.882890 0.538619 0.207641 0.286445
7 0.655731 0.431714 0.176080 0.081841
