7 0.442036 0.252520 0.342406 0.429940
7 0.305612 0.203755 0.132056 0.348034
7 0.642809 0.742440 0.218414 0.269153
7 0.571237 0.803931 0.268817 0.099294
7 0.738239 0.645665 0.270833 0.126008
7 0.496808 0.322707 0.039987 0.207913
7 0.634409 0.521925 0.302419 0.074093
7 0.204805 0.500630 0.384073 0.044103
7 0.356015 0.659652 0.203965 0.270917
7 0.313004 0.803049 0.222782 0.081905
7 0.752856 0.113155 0.380040 0.078629
7 0.628024 0.073211 0.180780 0.145917
7 0.743616 0.173009 0.268817 0.044103
7 0.264785 0.471522 0.117608 0.206149
