7 0.370632 0.634577 0.102823 0.274194
7 0.604839 0.569178 0.063172 0.250252
7 0.339214 0.900706 0.081653 0.097782
7 0.721438 0.345514 0.165995 0.108871
7 0.679435 0.176159 0.086022 0.198589
7 0.462030 0.773942 0.231183 0.105343
7 0.127016 0.856603 0.220430 0.047379
7 0.283434 0.390373 0.277218 0.063004
7 0.792843 0.387223 0.245632 0.072329
7 0.837030 0.447077 0.325941 0.037802
7 0.802251 0.477823 0.298051 0.039315
7 0.701445 0.075479 0.155578 0.132308
7 0.765625 0.132056 0.258401 0.103831
7 0.551243 0.306200 0.073589 0.174899
7 0.711022 0.900706 0.283602 0.160786
