7 0.701445 0.087954 0.172379 0.151210
7 0.677419 0.219506 0.098790 0.275706
7 0.729839 0.346270 0.182796 0.135585
7 0.803259 0.407006 0.262433 0.077117
7 0.828461 0.459677 0.312836 0.028226
7 0.833837 0.490423 0.310820 0.045867
7 0.422211 0.649446 0.138777 0.326109
7 0.302419 0.426663 0.323253 0.053427
7 0.341398 0.083291 0.182796 0.157510
7 0.510417 0.084803 0.104839 0.157510
7 0.773858 0.147051 0.283602 0.118196
7 0.692036 0.628150 0.094422 0.195312
7 0.742440 0.901462 0.258401 0.149698
7 0.172379 0.890499 0.302419 0.067792
7 0.411626 0.701487 0.218414 0.152974
