1 0.334896 0.408984 0.336458 0.217969
1 0.197917 0.342187 0.227083 0.151562
1 0.415625 0.242578 0.212500 0.146094
1 0.644271 0.370312 0.236458 0.156250
1 0.861979 0.303906 0.276042 0.157812
1 0.570833 0.123438 0.229167 0.245312
1 0.241146 0.123828 0.378125 0.208594
1 0.558333 0.507031 0.208333 0.220312
1 0.793229 0.553906 0.282292 0.157812
1 0.409375 0.680859 0.131250 0.203906
1 0.486458 0.700781 0.206250 0.240625
1 0.531771 0.808594 0.176042 0.184375
1 0.609375 0.921875 0.208333 0.156250
1 0.726042 0.841406 0.237500 0.139063
1 0.790625 0.544531 0.214583 0.129688
1 0.737500 0.205859 0.181250 0.172656
