1 0.609207 0.299143 0.197581 0.155746
1 0.533602 0.495212 0.214382 0.201613
1 0.287970 0.275454 0.184812 0.114919
1 0.582997 0.087324 0.203629 0.132308
1 0.936996 0.180948 0.126008 0.140121
1 0.903226 0.428301 0.184812 0.115171
1 0.828629 0.539315 0.165995 0.129032
1 0.314180 0.618952 0.174059 0.124496
1 0.484375 0.809476 0.224798 0.187500
1 0.796035 0.240045 0.134409 0.167087
1 0.287802 0.433846 0.176411 0.173135
1 0.184980 0.630670 0.130040 0.059728
1 0.880208 0.057334 0.105175 0.056704
1 0.424395 0.089592 0.096774 0.096018
1 0.231183 0.932712 0.184812 0.134577
