1 0.141969 0.638609 0.094422 0.110383
1 0.518985 0.384199 0.113239 0.111643
1 0.388777 0.409400 0.231183 0.102571
1 0.796035 0.349546 0.168011 0.099294
1 0.697413 0.741683 0.113239 0.064516
1 0.433972 0.783518 0.178427 0.201613
1 0.404402 0.956275 0.245632 0.087450
1 0.619624 0.901714 0.151210 0.113407
1 0.590390 0.609375 0.163978 0.127520
1 0.201949 0.865423 0.218414 0.135585
1 0.160954 0.783518 0.165995 0.122984
1 0.449597 0.728327 0.121640 0.066028
1 0.412970 0.777092 0.136425 0.144909
1 0.156586 0.505418 0.115591 0.092994
1 0.717406 0.299899 0.165995 0.097782
