1 0.348958 0.400706 0.277218 0.179435
1 0.193548 0.362147 0.252016 0.143145
1 0.545195 0.499244 0.178427 0.174899
1 0.455981 0.683468 0.163978 0.200101
1 0.536794 0.799143 0.191196 0.126008
1 0.585181 0.930822 0.195228 0.130796
1 0.720598 0.852697 0.210013 0.107107
1 0.657594 0.373992 0.252016 0.129032
1 0.574597 0.117944 0.199597 0.215726
1 0.224798 0.121850 0.319220 0.182712
1 0.404402 0.228957 0.191196 0.094506
1 0.705813 0.207787 0.197245 0.168599
1 0.890793 0.307838 0.218414 0.122732
1 0.779402 0.545741 0.210013 0.119708
