1 0.846606 0.569304 0.298051 0.211190
1 0.521001 0.601562 0.172379 0.275706
1 0.300571 0.601562 0.378024 0.291331
1 0.320565 0.354335 0.371640 0.190524
1 0.343582 0.259703 0.333669 0.272429
1 0.734207 0.157384 0.216398 0.256804
1 0.644993 0.188130 0.214046 0.192288
1 0.764617 0.349546 0.239583 0.130544
1 0.620800 0.449597 0.094422 0.100806
1 0.514785 0.311744 0.201613 0.152722
1 0.768817 0.825227 0.201613 0.149446
1 0.493784 0.785912 0.310820 0.133821
1 0.591398 0.889743 0.161962 0.146421
1 0.685820 0.911920 0.098790 0.168599
