1 0.560417 0.769531 0.195833 0.126562
1 0.740625 0.800391 0.233333 0.127344
1 0.650521 0.918750 0.201042 0.162500
1 0.768229 0.672656 0.144792 0.153125
1 0.673958 0.568359 0.108333 0.116406
1 0.511458 0.663672 0.127083 0.185156
1 0.432292 0.658984 0.118750 0.191406
1 0.165625 0.323828 0.222917 0.163281
1 0.340104 0.382812 0.338542 0.217188
1 0.374479 0.197266 0.240625 0.128906
1 0.194271 0.105859 0.386458 0.210156
1 0.681250 0.135156 0.314583 0.167187
1 0.838542 0.230469 0.322917 0.148438
1 0.599479 0.316016 0.346875 0.178906
1 0.558333 0.480859 0.204167 0.230469
1 0.779167 0.487109 0.293750 0.135156
