0 0.378657 0.287791 0.612737 0.195736
0 0.546472 0.497093 0.394148 0.141473
0 0.463855 0.649709 0.545611 0.225775
0 0.833046 0.170543 0.296041 0.054264
0 0.826162 0.362403 0.340792 0.089147
0 0.877797 0.687016 0.244406 0.160853
0 0.106713 0.335756 0.209983 0.061047
0 0.277108 0.143895 0.358003 0.059109
0 0.170396 0.718992 0.337349 0.187984
0 0.280551 0.836240 0.234079 0.141473
0 0.506024 0.751453 0.158348 0.080426
0 0.528399 0.891957 0.492255 0.216085
0 0.854561 0.903101 0.208262 0.124031
0 0.720310 0.055717 0.528399 0.082364
