0 0.312500 0.479911 0.107143 0.174107
0 0.410714 0.330357 0.071429 0.125000
0 0.283482 0.299107 0.111607 0.142857
0 0.191964 0.448661 0.125000 0.147321
0 0.118304 0.602679 0.066964 0.098214
0 0.468750 0.676339 0.071429 0.111607
0 0.629464 0.491071 0.062500 0.089286
0 0.667411 0.473214 0.066964 0.107143
0 0.743304 0.399554 0.066964 0.111607
0 0.482143 0.200893 0.080357 0.080357
0 0.379464 0.098214 0.080357 0.133929
0 0.345982 0.631696 0.084821 0.138393
0 0.408482 0.714286 0.084821 0.133929
0 0.502232 0.834821 0.075893 0.107143
0 0.573661 0.631696 0.066964 0.093750
0 0.446429 0.566964 0.053571 0.080357
