0 0.683036 0.640625 0.098214 0.120536
0 0.640625 0.658482 0.084821 0.093750
0 0.808036 0.654018 0.107143 0.102679
0 0.745536 0.513393 0.089286 0.107143
0 0.696429 0.357143 0.089286 0.133929
0 0.375000 0.573661 0.071429 0.093750
0 0.283482 0.571429 0.102679 0.098214
0 0.287946 0.482143 0.075893 0.071429
0 0.223214 0.656250 0.044643 0.071429
0 0.500000 0.745536 0.062500 0.107143
0 0.546875 0.796875 0.031250 0.084821
0 0.629464 0.763393 0.098214 0.089286
0 0.816964 0.805804 0.044643 0.084821
0 0.620536 0.506696 0.080357 0.111607
0 0.397321 0.506696 0.062500 0.111607
