0 0.676339 0.292411 0.066964 0.138393
0 0.703125 0.537946 0.111607 0.129464
0 0.573661 0.484375 0.102679 0.138393
0 0.627232 0.676339 0.120536 0.191964
0 0.743304 0.705357 0.120536 0.151786
0 0.529018 0.821429 0.111607 0.133929
0 0.368304 0.783482 0.111607 0.138393
0 0.439732 0.845982 0.066964 0.120536
0 0.299107 0.924107 0.080357 0.125000
0 0.290179 0.707589 0.089286 0.102679
0 0.220982 0.515625 0.066964 0.102679
0 0.263393 0.537946 0.089286 0.093750
0 0.189732 0.417411 0.075893 0.111607
0 0.180804 0.312500 0.066964 0.080357
0 0.531250 0.343750 0.080357 0.080357
0 0.098214 0.439732 0.080357 0.049107
0 0.080357 0.584821 0.053571 0.089286
