0 0.176339 0.502232 0.084821 0.066964
0 0.234375 0.506696 0.066964 0.058036
0 0.310268 0.508929 0.084821 0.089286
0 0.310268 0.584821 0.084821 0.089286
0 0.243304 0.582589 0.084821 0.084821
0 0.174107 0.584821 0.125000 0.116071
0 0.375000 0.709821 0.089286 0.080357
0 0.493304 0.756696 0.102679 0.120536
0 0.741071 0.609375 0.107143 0.138393
0 0.901786 0.602679 0.142857 0.107143
0 0.801339 0.473214 0.129464 0.107143
0 0.689732 0.299107 0.102679 0.116071
0 0.638393 0.468750 0.116071 0.107143
0 0.546875 0.359375 0.066964 0.075893
0 0.671875 0.741071 0.129464 0.107143
0 0.845982 0.683036 0.111607 0.089286
0 0.477679 0.359375 0.044643 0.058036
