0 0.225446 0.607143 0.120536 0.151786
0 0.109375 0.616071 0.138393 0.125000
0 0.310268 0.732143 0.129464 0.098214
0 0.408482 0.779018 0.058036 0.093750
0 0.308036 0.477679 0.098214 0.107143
0 0.216518 0.303571 0.084821 0.107143
0 0.178571 0.491071 0.133929 0.098214
0 0.486607 0.718750 0.125000 0.098214
0 0.573661 0.841518 0.102679 0.111607
0 0.627232 0.544643 0.084821 0.089286
0 0.676339 0.529018 0.066964 0.111607
0 0.609375 0.468750 0.093750 0.107143
0 0.720982 0.453125 0.075893 0.084821
0 0.745536 0.517857 0.098214 0.098214
0 0.741071 0.370536 0.044643 0.089286
0 0.363839 0.366071 0.075893 0.062500
0 0.046875 0.756696 0.058036 0.084821
0 0.098214 0.770089 0.071429 0.084821
0 0.118304 0.683036 0.058036 0.107143
