0 0.345982 0.261161 0.066964 0.156250
0 0.279018 0.486607 0.093750 0.151786
0 0.388393 0.513393 0.080357 0.160714
0 0.299107 0.685268 0.080357 0.200893
0 0.187500 0.674107 0.116071 0.187500
0 0.120536 0.841518 0.044643 0.093750
0 0.167411 0.906250 0.058036 0.142857
0 0.343750 0.870536 0.080357 0.142857
0 0.462054 0.908482 0.066964 0.138393
0 0.611607 0.698661 0.053571 0.120536
0 0.658482 0.698661 0.066964 0.120536
0 0.354911 0.709821 0.075893 0.160714
0 0.433036 0.776786 0.053571 0.080357
0 0.558036 0.852679 0.080357 0.107143
0 0.774554 0.828125 0.084821 0.138393
0 0.613839 0.580357 0.066964 0.107143
0 0.671875 0.598214 0.049107 0.080357
0 0.750000 0.482143 0.062500 0.107143
0 0.714286 0.703125 0.098214 0.129464
