0 0.691964 0.352679 0.116071 0.133929
0 0.566964 0.379464 0.089286 0.125000
0 0.674107 0.529018 0.080357 0.156250
0 0.787946 0.486607 0.093750 0.125000
0 0.747768 0.544643 0.066964 0.133929
0 0.787946 0.584821 0.075893 0.151786
0 0.839286 0.667411 0.089286 0.102679
0 0.866071 0.631696 0.053571 0.111607
0 0.578125 0.180804 0.075893 0.138393
0 0.495536 0.299107 0.062500 0.098214
0 0.437500 0.290179 0.053571 0.044643
0 0.359375 0.486607 0.049107 0.107143
0 0.379464 0.587054 0.071429 0.111607
0 0.337054 0.602679 0.075893 0.116071
0 0.265625 0.511161 0.084821 0.102679
0 0.287946 0.611607 0.093750 0.098214
0 0.207589 0.484375 0.040179 0.066964
0 0.227679 0.421875 0.062500 0.066964
0 0.234375 0.705357 0.066964 0.151786
0 0.531250 0.912946 0.116071 0.120536
0 0.604911 0.763393 0.058036 0.107143
0 0.671875 0.703125 0.084821 0.138393
0 0.542411 0.544643 0.058036 0.098214
0 0.446429 0.714286 0.089286 0.107143
0 0.462054 0.801339 0.075893 0.084821
