0 0.350446 0.352679 0.138393 0.133929
0 0.475446 0.176339 0.084821 0.129464
0 0.511161 0.379464 0.111607 0.133929
0 0.392857 0.524554 0.133929 0.174107
0 0.238839 0.495536 0.138393 0.133929
0 0.122768 0.622768 0.066964 0.075893
0 0.433036 0.651786 0.116071 0.116071
0 0.520089 0.720982 0.066964 0.120536
0 0.549107 0.774554 0.053571 0.066964
0 0.750000 0.633929 0.098214 0.089286
0 0.830357 0.435268 0.071429 0.075893
0 0.899554 0.437500 0.058036 0.062500
0 0.823661 0.524554 0.084821 0.093750
0 0.890625 0.526786 0.102679 0.098214
0 0.752232 0.794643 0.066964 0.062500
0 0.667411 0.814732 0.111607 0.093750
0 0.616071 0.678571 0.089286 0.107143
0 0.578125 0.593750 0.075893 0.098214
