0 0.187500 0.495536 0.071429 0.080357
0 0.136161 0.582589 0.084821 0.093750
0 0.209821 0.575893 0.098214 0.107143
0 0.071429 0.595982 0.107143 0.102679
0 0.053571 0.497768 0.089286 0.075893
0 0.122768 0.508929 0.066964 0.044643
0 0.515625 0.223214 0.093750 0.125000
0 0.513393 0.417411 0.125000 0.120536
0 0.658482 0.388393 0.138393 0.116071
0 0.629464 0.526786 0.133929 0.142857
0 0.812500 0.497768 0.151786 0.120536
0 0.750000 0.553571 0.116071 0.107143
0 0.446429 0.613839 0.089286 0.084821
0 0.607143 0.660714 0.125000 0.107143
0 0.426339 0.716518 0.120536 0.120536
0 0.404018 0.854911 0.111607 0.102679
0 0.299107 0.678571 0.098214 0.107143
0 0.383929 0.312500 0.062500 0.098214
