0 0.732143 0.473214 0.116071 0.116071
0 0.589286 0.477679 0.098214 0.107143
0 0.674107 0.613839 0.116071 0.138393
0 0.812500 0.609375 0.125000 0.102679
0 0.770089 0.647321 0.129464 0.116071
0 0.609375 0.747768 0.102679 0.111607
0 0.551339 0.808036 0.111607 0.098214
0 0.457589 0.752232 0.102679 0.120536
0 0.408482 0.883929 0.111607 0.107143
0 0.303571 0.580357 0.098214 0.089286
0 0.234375 0.582589 0.084821 0.093750
0 0.171875 0.564732 0.102679 0.120536
0 0.292411 0.502232 0.093750 0.084821
0 0.154018 0.410714 0.066964 0.071429
0 0.167411 0.504464 0.066964 0.080357
0 0.107143 0.656250 0.062500 0.098214
