0 0.660714 0.241071 0.080357 0.116071
0 0.558036 0.314732 0.053571 0.084821
0 0.620536 0.426339 0.098214 0.102679
0 0.720982 0.446429 0.102679 0.116071
0 0.683036 0.591518 0.098214 0.165179
0 0.796875 0.580357 0.102679 0.133929
0 0.633929 0.732143 0.080357 0.116071
0 0.502232 0.741071 0.102679 0.116071
0 0.372768 0.540179 0.075893 0.089286
0 0.272321 0.455357 0.071429 0.098214
0 0.330357 0.459821 0.062500 0.080357
0 0.285714 0.562500 0.089286 0.080357
0 0.625000 0.607143 0.107143 0.133929
0 0.263393 0.350446 0.044643 0.075893
0 0.455357 0.886161 0.080357 0.111607
0 0.752232 0.627232 0.111607 0.129464
