0 0.674107 0.517857 0.142857 0.142857
0 0.680804 0.375000 0.129464 0.116071
0 0.803571 0.466518 0.142857 0.147321
0 0.537946 0.691964 0.093750 0.125000
0 0.620536 0.707589 0.071429 0.102679
0 0.674107 0.631696 0.098214 0.102679
0 0.883929 0.589286 0.071429 0.062500
0 0.325893 0.589286 0.071429 0.080357
0 0.218750 0.618304 0.089286 0.075893
0 0.419643 0.671875 0.098214 0.075893
0 0.292411 0.524554 0.066964 0.066964
0 0.187500 0.549107 0.089286 0.071429
0 0.529018 0.241071 0.084821 0.116071
0 0.430804 0.337054 0.075893 0.093750
0 0.549107 0.412946 0.098214 0.102679
0 0.529018 0.546875 0.049107 0.075893
0 0.477679 0.613839 0.116071 0.058036
0 0.531250 0.832589 0.089286 0.093750
0 0.439732 0.814732 0.075893 0.102679
