0 0.636508 0.082511 0.136508 0.100141
0 0.698942 0.179831 0.140741 0.125529
0 0.085185 0.710860 0.096296 0.110014
0 0.073545 0.629055 0.073016 0.067701
0 0.374603 0.790550 0.107937 0.139633
0 0.470370 0.767983 0.106878 0.148096
0 0.132275 0.673484 0.101587 0.201693
12 0.206878 0.599436 0.170370 0.169252
12 0.284656 0.423131 0.122751 0.248237
12 0.517989 0.374471 0.176720 0.224260
12 0.723280 0.456982 0.202116 0.203103
12 0.520106 0.642454 0.136508 0.170663
12 0.324339 0.665726 0.070899 0.118477
12 0.175661 0.296192 0.093122 0.138223
12 0.377778 0.209450 0.167196 0.218618
