0 0.591693 0.385992 0.084454 0.115673
0 0.608756 0.278779 0.137883 0.071012
0 0.431575 0.367406 0.086177 0.054092
0 0.387797 0.442164 0.086177 0.071012
0 0.268873 0.553953 0.170286 0.124827
0 0.528438 0.537725 0.187522 0.126214
0 0.457601 0.674064 0.087901 0.053814
0 0.369355 0.724965 0.072734 0.060194
0 0.390555 0.795007 0.122716 0.098752
0 0.328335 0.937587 0.143744 0.087656
0 0.716994 0.723440 0.113064 0.075451
0 0.837642 0.745770 0.120648 0.089598
0 0.721820 0.614008 0.095829 0.056865
0 0.784212 0.504577 0.128232 0.081553
0 0.588762 0.229542 0.063426 0.040222
0 0.487246 0.136200 0.109273 0.063245
