0 0.648352 0.243299 0.116170 0.164948
0 0.594192 0.191753 0.083203 0.111340
0 0.326531 0.634021 0.087912 0.117526
0 0.144427 0.600000 0.125589 0.123711
0 0.220565 0.625773 0.073783 0.105155
0 0.056515 0.560825 0.109890 0.181443
0 0.960754 0.830928 0.031397 0.098969
12 0.544741 0.432990 0.122449 0.169072
12 0.734694 0.368041 0.065934 0.125773
12 0.824176 0.365979 0.069074 0.063918
12 0.413658 0.340206 0.133438 0.156701
12 0.489011 0.252577 0.095761 0.162887
12 0.361068 0.136082 0.116170 0.131959
12 0.237834 0.292784 0.127159 0.160825
12 0.147567 0.423711 0.210361 0.191753
