0 0.276042 0.419560 0.102431 0.128472
0 0.194444 0.574074 0.104167 0.136574
0 0.255642 0.600694 0.070312 0.101852
0 0.312934 0.573495 0.108507 0.156250
0 0.179253 0.752894 0.068576 0.084491
0 0.120660 0.728588 0.065972 0.098380
0 0.405816 0.432870 0.080729 0.141204
0 0.361111 0.224537 0.071181 0.129630
0 0.476562 0.309606 0.053819 0.082176
0 0.478299 0.552662 0.052083 0.075231
0 0.492622 0.637153 0.066840 0.098380
0 0.374132 0.717014 0.107639 0.112269
0 0.454427 0.780093 0.065104 0.097222
0 0.737847 0.543403 0.062500 0.086806
0 0.631944 0.686921 0.067708 0.084491
0 0.543837 0.622685 0.059896 0.069444
0 0.608507 0.779514 0.078125 0.084491
0 0.585503 0.873843 0.082465 0.106481
0 0.678385 0.457176 0.075521 0.085648
0 0.739583 0.465278 0.043403 0.064815
0 0.796441 0.457176 0.078993 0.106481
0 0.826823 0.361111 0.047743 0.067130
0 0.847656 0.623843 0.066840 0.090278
0 0.855469 0.412037 0.044271 0.074074
