0 0.507463 0.539719 0.213220 0.194623
0 0.233689 0.527039 0.208955 0.143599
0 0.614286 0.360678 0.152239 0.115796
0 0.772495 0.544149 0.136887 0.096548
0 0.697228 0.656584 0.085288 0.061106
0 0.783795 0.834403 0.114286 0.094714
0 0.660341 0.778185 0.123241 0.091659
0 0.219190 0.958142 0.121109 0.069050
0 0.296588 0.817446 0.154797 0.106019
0 0.394243 0.699206 0.094243 0.072411
0 0.368443 0.404980 0.092111 0.082188
0 0.456077 0.330278 0.087420 0.061106
0 0.654797 0.261075 0.130064 0.090131
0 0.645842 0.190345 0.076333 0.041552
0 0.562687 0.069661 0.103625 0.080049
