0 0.724798 0.347908 0.281586 0.092994
0 0.622816 0.441658 0.123992 0.069304
0 0.601815 0.594506 0.119624 0.100806
0 0.731183 0.613281 0.134409 0.081905
0 0.514785 0.596900 0.130376 0.130796
0 0.467574 0.837072 0.111223 0.081905
0 0.220766 0.909526 0.113575 0.110383
0 0.222782 0.837072 0.113575 0.081905
0 0.698421 0.865297 0.090390 0.094506
0 0.293179 0.270791 0.161626 0.096018
0 0.215558 0.349546 0.073589 0.067540
0 0.539987 0.224294 0.180780 0.034778
0 0.204973 0.267641 0.073253 0.089718
0 0.609207 0.767767 0.113575 0.094506
0 0.612399 0.693674 0.191196 0.107107
0 0.418179 0.715852 0.096438 0.081905
0 0.348958 0.157384 0.210013 0.048639
0 0.476983 0.059728 0.189180 0.054940
1 0.380376 0.952369 0.104839 0.095262
