0 0.223286 0.898522 0.122480 0.161962
0 0.205015 0.819052 0.120212 0.164987
0 0.242818 0.209005 0.211946 0.258065
0 0.432334 0.157762 0.183216 0.164987
0 0.372228 0.407426 0.193548 0.224798
0 0.393901 0.696741 0.097278 0.131384
0 0.595010 0.637265 0.093750 0.146841
0 0.635585 0.655578 0.092742 0.106855
0 0.661416 0.553259 0.064264 0.064180
0 0.660912 0.510585 0.076865 0.085685
0 0.274194 0.548723 0.080141 0.158602
1 0.389869 0.876344 0.075605 0.154570
0 0.158518 0.272177 0.188004 0.329973
0 0.451739 0.531922 0.144405 0.106855
1 0.544607 0.958333 0.073085 0.083333
1 0.458669 0.949933 0.068548 0.100134
1 0.669481 0.900034 0.052671 0.115927
1 0.742188 0.952285 0.099798 0.095430
