0 0.404110 0.457384 0.274951 0.139742
0 0.800147 0.487281 0.279354 0.143376
0 0.499755 0.624876 0.130626 0.081599
0 0.637231 0.683185 0.112035 0.062768
0 0.619863 0.753882 0.183953 0.112983
0 0.690802 0.910472 0.158513 0.095804
0 0.620841 0.358276 0.139922 0.089528
0 0.562622 0.269409 0.130137 0.050545
0 0.325098 0.285101 0.209883 0.100429
0 0.287671 0.178890 0.190802 0.083581
0 0.323875 0.122233 0.141879 0.045590
0 0.470646 0.025438 0.170254 0.050215
0 0.048679 0.432937 0.096380 0.075652
0 0.081458 0.548563 0.123777 0.061117
0 0.115215 0.664189 0.167808 0.081599
