0 0.676789 0.516521 0.280132 0.126464
0 0.804379 0.387504 0.158663 0.090117
0 0.873823 0.250225 0.089454 0.030039
0 0.870056 0.310153 0.191149 0.071193
0 0.743644 0.169420 0.116290 0.064884
0 0.612288 0.370231 0.111582 0.039351
0 0.324859 0.537098 0.265537 0.123160
0 0.512006 0.445329 0.128531 0.082007
0 0.552966 0.660409 0.111582 0.063382
0 0.892420 0.708621 0.166196 0.067888
0 0.944209 0.616101 0.111582 0.060078
0 0.425377 0.697657 0.123823 0.036347
0 0.416431 0.760889 0.185970 0.090117
0 0.317561 0.878492 0.170904 0.079003
