4 0.366431 0.880166 0.077621 0.081905
4 0.256384 0.915701 0.151210 0.089970
4 0.505040 0.957409 0.115591 0.078629
4 0.651042 0.955897 0.159610 0.088206
0 0.468246 0.591986 0.243616 0.201613
0 0.536626 0.674647 0.262769 0.240927
0 0.274194 0.688886 0.203629 0.108619
0 0.203797 0.606225 0.172379 0.104083
0 0.438004 0.365297 0.178427 0.107107
0 0.234207 0.102949 0.358871 0.193800
0 0.152386 0.258065 0.228831 0.160786
0 0.551243 0.447203 0.195228 0.170111
0 0.644825 0.558972 0.188844 0.141633
0 0.715222 0.656628 0.212030 0.110131
0 0.826445 0.816406 0.128024 0.118196
0 0.802251 0.890499 0.142809 0.083417
0 0.164987 0.402218 0.170027 0.102319
