0 0.413180 0.470598 0.223538 0.326949
0 0.300403 0.678931 0.139617 0.203293
0 0.294229 0.391969 0.157006 0.248992
13 0.792591 0.708333 0.358367 0.582661
0 0.937752 0.427083 0.124496 0.212366
0 0.471144 0.194724 0.162550 0.136089
0 0.520791 0.708669 0.166079 0.201613
0 0.459047 0.789315 0.115675 0.172715
0 0.097656 0.916835 0.158014 0.155578
1 0.383695 0.878360 0.099546 0.134409
1 0.556074 0.917675 0.080393 0.129704
1 0.642893 0.885417 0.059476 0.090054
0 0.345640 0.068212 0.260333 0.135753
0 0.155116 0.071405 0.217490 0.142137
