0 0.379200 0.586442 0.275202 0.212702
0 0.337198 0.337576 0.195228 0.108619
0 0.460013 0.433720 0.235215 0.165323
0 0.459005 0.686492 0.270833 0.223790
0 0.421203 0.779486 0.262433 0.223790
0 0.751848 0.793599 0.126008 0.097782
0 0.736055 0.856603 0.123992 0.100806
0 0.841062 0.796749 0.182796 0.135333
0 0.876848 0.852697 0.123992 0.099042
0 0.183804 0.685736 0.190860 0.121472
0 0.111391 0.605469 0.155578 0.105595
0 0.186996 0.504536 0.159610 0.102319
0 0.168179 0.091986 0.335685 0.152722
0 0.073757 0.251890 0.146841 0.157510
4 0.292003 0.874748 0.096774 0.083669
4 0.170195 0.903100 0.172379 0.070817
4 0.328797 0.890499 0.090390 0.102571
