0 0.785146 0.581425 0.203360 0.128991
0 0.651415 0.767656 0.077365 0.056433
0 0.569629 0.712028 0.103890 0.061271
0 0.501105 0.549984 0.232095 0.156401
0 0.670203 0.454047 0.106101 0.090293
0 0.612732 0.358916 0.092838 0.054821
0 0.450265 0.355692 0.165782 0.106417
0 0.417109 0.262980 0.161362 0.085456
0 0.449160 0.203322 0.075155 0.027411
0 0.561892 0.103354 0.101680 0.075782
0 0.212644 0.515318 0.159151 0.090293
0 0.260168 0.630603 0.086207 0.059658
0 0.114279 0.779748 0.139257 0.083844
0 0.262378 0.751532 0.143678 0.085456
0 0.407162 0.796678 0.119363 0.120929
0 0.633731 0.853112 0.108311 0.101580
