0 0.479160 0.482268 0.122219 0.244492
0 0.489345 0.164428 0.109997 0.211714
0 0.234096 0.244761 0.087120 0.154218
0 0.307427 0.250134 0.057662 0.077915
0 0.107647 0.163353 0.094955 0.119291
0 0.253369 0.505911 0.111250 0.148845
0 0.273582 0.665502 0.082733 0.145621
0 0.376214 0.718968 0.063616 0.110693
0 0.225478 0.828049 0.088060 0.138635
0 0.479317 0.812735 0.081793 0.145621
0 0.591037 0.339334 0.070824 0.111231
0 0.345346 0.371306 0.062676 0.102096
0 0.660295 0.426921 0.047634 0.098334
0 0.636478 0.602902 0.089000 0.166577
0 0.722971 0.656636 0.067690 0.141859
0 0.784550 0.651531 0.035412 0.083289
0 0.891727 0.546480 0.069884 0.109618
