0 0.506719 0.331044 0.167285 0.125768
0 0.565107 0.510119 0.235867 0.160101
0 0.877433 0.537586 0.211770 0.177449
0 0.740500 0.420492 0.106580 0.097217
0 0.307229 0.569751 0.099166 0.066137
0 0.310241 0.686845 0.145042 0.083484
0 0.146895 0.700217 0.128823 0.103722
0 0.619555 0.657029 0.114921 0.073726
0 0.724282 0.718287 0.102873 0.076979
0 0.706209 0.799241 0.151066 0.138417
0 0.745598 0.929707 0.128823 0.084930
0 0.683040 0.320744 0.116775 0.058186
0 0.486562 0.224069 0.175162 0.072280
0 0.670992 0.071738 0.125116 0.075533
0 0.533828 0.165161 0.088971 0.036140
0 0.250000 0.455909 0.157090 0.086375
