0 0.511681 0.488327 0.158938 0.250973
0 0.496460 0.156372 0.129912 0.224222
0 0.301770 0.294747 0.062655 0.100195
0 0.354690 0.412938 0.072920 0.115759
0 0.228673 0.319796 0.115398 0.169747
0 0.158407 0.225438 0.048496 0.092899
0 0.076637 0.262646 0.099469 0.133268
0 0.315221 0.730545 0.092389 0.145914
0 0.287434 0.894942 0.091327 0.151751
0 0.430619 0.757296 0.060531 0.107977
0 0.557522 0.810068 0.089912 0.152237
0 0.693805 0.541586 0.089204 0.150292
0 0.803717 0.582442 0.079646 0.157101
0 0.863186 0.554232 0.034336 0.093872
0 0.614867 0.311041 0.091327 0.116245
0 0.705664 0.373541 0.066195 0.118677
0 0.954159 0.432150 0.068319 0.129864
