0 0.422127 0.424227 0.247480 0.288642
0 0.665449 0.445565 0.177671 0.184812
0 0.734249 0.281418 0.202873 0.293347
0 0.251890 0.251008 0.145413 0.201613
0 0.199219 0.346438 0.157006 0.172715
1 0.302923 0.639617 0.114415 0.154234
1 0.277218 0.878696 0.113407 0.229167
1 0.098916 0.580813 0.174143 0.152890
1 0.423765 0.727319 0.111139 0.198589
1 0.702621 0.904570 0.126008 0.161962
1 0.524572 0.868784 0.095010 0.132728
1 0.199219 0.722110 0.058216 0.127016
1 0.104083 0.806788 0.113407 0.183468
1 0.649446 0.740423 0.072077 0.181788
1 0.436996 0.940020 0.091734 0.119960
0 0.253654 0.077453 0.368700 0.154234
