0 0.578629 0.792843 0.283602 0.266129
0 0.237231 0.741683 0.168011 0.103831
0 0.323421 0.835307 0.214046 0.146421
0 0.408434 0.232989 0.359207 0.195312
0 0.611223 0.889743 0.272849 0.182712
0 0.752856 0.770791 0.195228 0.165575
0 0.589046 0.536920 0.199597 0.081905
0 0.630040 0.629914 0.252016 0.144909
0 0.436828 0.071699 0.306452 0.142893
0 0.119960 0.055696 0.239247 0.108871
0 0.078965 0.259703 0.157258 0.198337
0 0.246808 0.501386 0.182460 0.092994
0 0.286626 0.354965 0.220430 0.168599
0 0.804435 0.878780 0.201613 0.113407
