0 0.309980 0.612525 0.090390 0.070817
0 0.209173 0.732359 0.128024 0.074093
0 0.509577 0.534526 0.161626 0.138609
0 0.457997 0.734627 0.113575 0.100806
0 0.682796 0.870842 0.121640 0.092994
0 0.721606 0.549647 0.157594 0.137097
0 0.392977 0.304688 0.159610 0.072581
0 0.491599 0.173891 0.113575 0.072581
0 0.441196 0.380292 0.138441 0.050403
0 0.616599 0.452621 0.094758 0.088206
0 0.566196 0.375504 0.077957 0.040827
0 0.264785 0.512475 0.130376 0.056704
0 0.635417 0.754284 0.136425 0.099294
0 0.327789 0.702369 0.130040 0.074093
0 0.402386 0.255040 0.064852 0.026714
