0 0.430201 0.541981 0.253123 0.136110
0 0.113254 0.548213 0.225421 0.117088
0 0.269690 0.438012 0.092884 0.071827
0 0.648561 0.737127 0.157523 0.092161
0 0.796306 0.770908 0.121673 0.087570
0 0.743074 0.517055 0.144487 0.079698
0 0.661597 0.631027 0.110809 0.057724
0 0.558121 0.292883 0.147203 0.062316
0 0.505160 0.385864 0.175991 0.082978
0 0.340847 0.369465 0.116784 0.046901
0 0.425041 0.140538 0.139598 0.067235
0 0.543998 0.234995 0.092884 0.034438
0 0.155894 0.924729 0.134709 0.076418
0 0.229766 0.798786 0.147746 0.112496
0 0.337045 0.686619 0.098316 0.071827
0 0.232482 0.730895 0.074959 0.051492
