0 0.730035 0.199653 0.062500 0.072917
0 0.724826 0.306713 0.116319 0.141204
0 0.765625 0.389468 0.107639 0.142361
0 0.686198 0.379051 0.092882 0.133102
0 0.586806 0.480903 0.071181 0.089120
0 0.629340 0.539352 0.098958 0.097222
0 0.545573 0.545139 0.096354 0.087963
0 0.488281 0.453704 0.084201 0.143519
0 0.541667 0.343750 0.067708 0.113426
0 0.299479 0.350116 0.074653 0.068287
0 0.301215 0.401042 0.076389 0.091435
0 0.173177 0.680556 0.033854 0.041667
0 0.092448 0.715278 0.044271 0.037037
12 0.614583 0.244792 0.095486 0.144676
12 0.533420 0.218750 0.122396 0.097222
12 0.442274 0.348380 0.101562 0.083333
12 0.375868 0.326389 0.052083 0.101852
