4 0.150463 0.169813 0.098958 0.091363
4 0.110098 0.098524 0.088831 0.054253
4 0.471788 0.151259 0.146701 0.187500
4 0.558594 0.058268 0.138600 0.116102
4 0.667245 0.162109 0.115741 0.122396
4 0.364439 0.117188 0.138600 0.078993
4 0.283709 0.153537 0.080729 0.074436
4 0.041956 0.114800 0.076389 0.071181
0 0.139178 0.368164 0.159144 0.088325
0 0.632089 0.613173 0.710938 0.544054
0 0.360243 0.598416 0.361690 0.310113
0 0.113281 0.509332 0.165220 0.134983
0 0.171152 0.704536 0.293692 0.131727
0 0.294126 0.835503 0.233507 0.217014
