0 0.444220 0.581023 0.384409 0.230091
0 0.640457 0.797505 0.336022 0.222026
0 0.865255 0.808594 0.134409 0.099042
0 0.718246 0.473034 0.256384 0.203125
0 0.631216 0.302923 0.191196 0.124496
0 0.799227 0.115549 0.342406 0.159022
0 0.622648 0.264365 0.321237 0.113407
0 0.613407 0.375378 0.260417 0.146421
0 0.911458 0.432082 0.172379 0.146421
0 0.684812 0.076235 0.336022 0.133821
0 0.861055 0.924395 0.273185 0.151210
0 0.866263 0.592868 0.203629 0.168599
2 0.178595 0.419481 0.105175 0.070817
2 0.210013 0.480217 0.113575 0.059728
2 0.079973 0.531376 0.067204 0.052167
2 0.244624 0.647177 0.119624 0.085181
4 0.098790 0.836946 0.138441 0.086694
4 0.153226 0.714844 0.067204 0.031502
4 0.370632 0.901588 0.081989 0.070817
4 0.538642 0.940902 0.115591 0.067792
4 0.075773 0.686618 0.058804 0.031502
4 0.199597 0.751008 0.138441 0.063004
2 0.301411 0.403856 0.094758 0.055192
4 0.413810 0.966986 0.054772 0.063004
