0 0.464699 0.505425 0.235532 0.238715
0 0.321904 0.753472 0.186053 0.105469
0 0.399450 0.313260 0.200521 0.161241
0 0.430556 0.199219 0.212963 0.097656
0 0.347946 0.452691 0.171586 0.124132
0 0.406684 0.608507 0.210938 0.200087
0 0.665075 0.296115 0.198206 0.055773
0 0.625868 0.359701 0.169560 0.083550
0 0.594763 0.548828 0.128183 0.095920
0 0.354022 0.890625 0.167535 0.141059
0 0.181424 0.844184 0.169560 0.144097
0 0.189670 0.901476 0.186053 0.141059
0 0.150463 0.733290 0.107639 0.077691
0 0.290943 0.690755 0.107350 0.054253
0 0.685764 0.515516 0.094907 0.066623
