0 0.419019 0.107611 0.220430 0.074093
0 0.329805 0.318044 0.277218 0.163810
0 0.199597 0.181704 0.180780 0.086694
0 0.159778 0.392767 0.243616 0.127772
0 0.252016 0.541709 0.298387 0.170111
0 0.639617 0.317918 0.296035 0.204889
0 0.650034 0.497606 0.333669 0.170111
0 0.848622 0.791961 0.226815 0.119708
0 0.532426 0.634577 0.228831 0.135585
0 0.257392 0.738533 0.153226 0.135333
0 0.106183 0.529864 0.186828 0.108619
0 0.207997 0.655872 0.130376 0.096018
0 0.506216 0.770035 0.138777 0.091482
0 0.387433 0.822077 0.115591 0.075605
0 0.645833 0.906250 0.233199 0.089718
