0 0.087786 0.406891 0.132316 0.153959
0 0.642494 0.489736 0.058524 0.052786
0 0.480916 0.636364 0.033079 0.064516
0 0.438295 0.730205 0.080153 0.120235
0 0.330789 0.706012 0.114504 0.145161
0 0.437023 0.595308 0.100509 0.149560
0 0.615140 0.461877 0.072519 0.073314
0 0.647583 0.435484 0.038168 0.055718
0 0.127863 0.355572 0.103053 0.092375
12 0.471374 0.395894 0.110687 0.117302
12 0.529262 0.480205 0.094148 0.133431
12 0.325700 0.448680 0.134860 0.158358
12 0.235369 0.552053 0.127226 0.171554
12 0.316794 0.452346 0.111959 0.101173
12 0.355598 0.271261 0.092875 0.164223
