0 0.537345 0.506040 0.143332 0.217789
0 0.553825 0.220534 0.110372 0.197291
0 0.451920 0.350110 0.061990 0.087482
0 0.378288 0.412152 0.040520 0.084187
0 0.392652 0.560212 0.072271 0.135066
0 0.311309 0.614202 0.056547 0.138360
0 0.167372 0.484627 0.065618 0.111274
0 0.254007 0.584004 0.023586 0.084553
0 0.513607 0.792643 0.072271 0.122621
0 0.612337 0.728038 0.051406 0.079795
0 0.706229 0.712848 0.071061 0.141654
0 0.734654 0.860176 0.080133 0.127379
0 0.774720 0.342240 0.089507 0.144949
0 0.891594 0.289714 0.078923 0.116032
0 0.657091 0.429539 0.053825 0.087482
0 0.714998 0.333455 0.048685 0.082723
