0 0.412970 0.665323 0.300403 0.226815
0 0.516969 0.447203 0.210013 0.124244
0 0.475806 0.216482 0.170027 0.129032
0 0.692204 0.188130 0.254032 0.078881
0 0.529402 0.348664 0.121976 0.069304
0 0.685988 0.821321 0.207997 0.110383
0 0.742608 0.647303 0.199597 0.168599
0 0.149194 0.746472 0.268817 0.130544
0 0.130376 0.881930 0.172043 0.115171
0 0.718414 0.464466 0.088038 0.064516
0 0.775202 0.314894 0.231183 0.149446
0 0.882224 0.293599 0.142809 0.091230
0 0.536794 0.875630 0.136761 0.127772
0 0.714214 0.954007 0.180444 0.091986
