0 0.439085 0.470207 0.190739 0.224411
0 0.491593 0.769342 0.140849 0.227775
0 0.342062 0.646324 0.082690 0.117251
0 0.237045 0.443296 0.097023 0.174435
0 0.132304 0.410380 0.087652 0.154733
0 0.062431 0.446180 0.043826 0.090822
0 0.242558 0.596588 0.057332 0.113888
0 0.381891 0.203268 0.098953 0.127823
0 0.520259 0.238827 0.067530 0.096108
0 0.670755 0.099952 0.101158 0.127823
0 0.642227 0.238107 0.090959 0.151370
0 0.769432 0.605478 0.120452 0.152811
0 0.931781 0.634791 0.100055 0.148006
0 0.613699 0.527871 0.074697 0.101394
0 0.686604 0.614368 0.063396 0.088900
0 0.839719 0.673955 0.053197 0.065834
