0 0.508233 0.657384 0.289987 0.165575
0 0.197413 0.551789 0.247648 0.181200
0 0.133401 0.764491 0.229167 0.155998
0 0.201613 0.923513 0.222446 0.108619
0 0.468414 0.940146 0.205645 0.107107
0 0.400202 0.793599 0.165995 0.126008
0 0.561828 0.845640 0.195565 0.107107
0 0.679435 0.903856 0.165995 0.119708
0 0.716230 0.699975 0.247648 0.133821
0 0.819052 0.505418 0.314852 0.167087
0 0.733031 0.314012 0.277218 0.165323
0 0.464214 0.177041 0.230847 0.092994
0 0.244624 0.307712 0.203629 0.096270
0 0.470430 0.397555 0.306452 0.133821
