0 0.696809 0.526995 0.088652 0.133803
0 0.936761 0.184272 0.076832 0.105634
0 0.901300 0.171362 0.069740 0.126761
0 0.942080 0.457746 0.115839 0.164319
0 0.354610 0.266432 0.094563 0.138498
0 0.368794 0.198357 0.082742 0.119718
0 0.965721 0.150235 0.068558 0.154930
0 0.409574 0.793427 0.027187 0.079812
0 0.709220 0.431925 0.104019 0.239437
0 0.770095 0.461268 0.060284 0.110329
11 0.836879 0.397887 0.094563 0.152582
12 0.784870 0.199531 0.127660 0.201878
12 0.686170 0.112676 0.131206 0.136150
12 0.601655 0.159624 0.059102 0.089202
12 0.472222 0.192488 0.055556 0.154930
12 0.312057 0.449531 0.049645 0.124413
