0 0.492891 0.545760 0.274882 0.139576
0 0.174566 0.560424 0.205898 0.141343
0 0.313323 0.441343 0.103212 0.081272
0 0.382043 0.346113 0.121643 0.041343
0 0.560295 0.366078 0.157978 0.093993
0 0.608741 0.266254 0.208531 0.084452
0 0.451817 0.089399 0.114797 0.078445
0 0.309637 0.842933 0.169563 0.110601
0 0.413902 0.705654 0.130595 0.060071
0 0.303054 0.761661 0.110058 0.067491
0 0.723012 0.755654 0.171669 0.101413
0 0.880990 0.793816 0.130595 0.092226
0 0.237493 0.972968 0.185361 0.054064
0 0.581095 0.193286 0.098473 0.036749
