0 0.139180 0.457857 0.201571 0.147991
0 0.403141 0.435152 0.213787 0.143090
0 0.258726 0.320974 0.103839 0.079386
0 0.322208 0.229173 0.072862 0.051290
0 0.477967 0.243875 0.139180 0.087226
0 0.522688 0.141947 0.141361 0.079386
0 0.508072 0.070565 0.083333 0.045083
0 0.597513 0.659915 0.133072 0.098007
0 0.737565 0.698955 0.126963 0.088533
0 0.236911 0.747958 0.164049 0.121202
0 0.174520 0.909017 0.143106 0.091800
0 0.326353 0.614995 0.081152 0.079386
0 0.229712 0.667756 0.062391 0.069912
0 0.693063 0.410487 0.128709 0.087226
0 0.634817 0.539530 0.087260 0.055864
