0 0.428819 0.836516 0.274740 0.208912
0 0.493815 0.614728 0.127821 0.215567
0 0.359484 0.507089 0.143446 0.112558
0 0.181641 0.543981 0.111111 0.218750
0 0.451714 0.286892 0.894748 0.321470
0 0.721788 0.617911 0.103733 0.154225
13 0.778429 0.812500 0.134983 0.151042
11 0.626519 0.326244 0.376302 0.085359
11 0.871853 0.417824 0.174696 0.213542
11 0.686740 0.926649 0.123047 0.125289
11 0.856120 0.888021 0.162760 0.215278
11 0.821832 0.728154 0.108507 0.162326
11 0.960938 0.282697 0.078125 0.065972
11 0.921875 0.151765 0.098958 0.061053
0 0.438368 0.073061 0.212240 0.089988
0 0.314887 0.093027 0.167535 0.168692
