0 0.464971 0.497684 0.256047 0.135672
0 0.281276 0.397584 0.103003 0.083719
0 0.137406 0.529120 0.184737 0.135672
0 0.393453 0.653706 0.117181 0.059894
0 0.296289 0.711118 0.105505 0.054931
0 0.301084 0.790702 0.162636 0.110192
0 0.217681 0.844308 0.083403 0.038054
0 0.260634 0.930841 0.125104 0.091330
0 0.547540 0.724520 0.135113 0.129385
0 0.720183 0.680510 0.175146 0.075778
0 0.886989 0.705659 0.130942 0.088352
0 0.791493 0.444077 0.150959 0.097948
0 0.734153 0.561549 0.107173 0.061549
0 0.321101 0.310887 0.135113 0.058570
0 0.504796 0.314858 0.164721 0.100927
0 0.531693 0.210788 0.166806 0.094639
0 0.510634 0.149404 0.105505 0.044011
0 0.369892 0.058901 0.125104 0.074123
