0 0.289971 0.569686 0.117139 0.073803
0 0.312577 0.675663 0.145088 0.070448
0 0.160296 0.726136 0.129881 0.065874
0 0.724620 0.757548 0.147143 0.118939
0 0.625154 0.627478 0.099466 0.080207
0 0.555076 0.475755 0.227291 0.129918
0 0.864365 0.490241 0.222770 0.133272
0 0.732224 0.370692 0.114673 0.083257
0 0.676120 0.288045 0.088779 0.059469
0 0.482532 0.316102 0.177559 0.089966
0 0.453350 0.208600 0.144677 0.073803
0 0.491163 0.155535 0.078093 0.035377
0 0.618783 0.051998 0.125360 0.072278
0 0.787505 0.889905 0.125771 0.094541
