0 0.411388 0.190010 0.128861 0.216272
0 0.402340 0.500000 0.145086 0.240989
0 0.382215 0.812307 0.094852 0.137487
0 0.572543 0.605561 0.098596 0.162719
0 0.607644 0.441813 0.058346 0.097837
0 0.112480 0.257467 0.106396 0.154480
0 0.238846 0.381050 0.073323 0.102987
0 0.157722 0.684346 0.104524 0.157570
0 0.100936 0.831617 0.097660 0.132853
0 0.137129 0.514933 0.140094 0.157570
0 0.519033 0.355304 0.084555 0.111226
0 0.665991 0.662719 0.074571 0.141092
0 0.736505 0.646241 0.042122 0.084449
0 0.859906 0.552266 0.083619 0.112770
0 0.202964 0.270855 0.058346 0.091658
