4 0.445397 0.126638 0.092406 0.067792
4 0.262433 0.086316 0.084005 0.081905
4 0.412634 0.037046 0.115591 0.073589
4 0.531418 0.050151 0.121976 0.063004
4 0.510249 0.065902 0.109207 0.047127
4 0.659610 0.189642 0.084005 0.080393
4 0.681620 0.061996 0.111223 0.083669
4 0.572245 0.147051 0.102823 0.070817
4 0.320397 0.181704 0.090390 0.096270
4 0.386425 0.320312 0.067204 0.071069
0 0.441028 0.627394 0.142809 0.092994
0 0.542843 0.555066 0.228831 0.143397
0 0.515625 0.692036 0.237567 0.146673
0 0.831653 0.575479 0.252016 0.178175
0 0.839046 0.314012 0.296371 0.200101
0 0.911626 0.156502 0.168011 0.203125
0 0.723454 0.380166 0.203629 0.152974
0 0.390793 0.566028 0.252016 0.117944
0 0.726647 0.685736 0.138777 0.089718
4 0.533434 0.214844 0.062836 0.058216
