0 0.590278 0.425347 0.078125 0.144676
0 0.724392 0.431713 0.117188 0.127315
0 0.808160 0.568866 0.107639 0.123843
0 0.745226 0.604167 0.078993 0.111111
0 0.815972 0.650463 0.076389 0.087963
0 0.816406 0.736690 0.066840 0.096065
0 0.880208 0.724537 0.055556 0.106481
0 0.631076 0.718750 0.102431 0.113426
0 0.521267 0.304398 0.054688 0.069444
0 0.641059 0.223380 0.078993 0.125000
0 0.319444 0.543981 0.078125 0.081019
0 0.267795 0.544560 0.065104 0.098380
0 0.261719 0.462963 0.049479 0.069444
0 0.177083 0.362269 0.048611 0.078704
0 0.210503 0.452546 0.073785 0.087963
0 0.218316 0.548611 0.096354 0.115741
0 0.150174 0.624421 0.039931 0.109954
0 0.370226 0.684606 0.073785 0.093750
0 0.320747 0.460648 0.068576 0.081019
0 0.146701 0.496528 0.076389 0.048611
0 0.542101 0.774306 0.068576 0.101852
0 0.507812 0.643519 0.065972 0.090278
0 0.525608 0.559606 0.044271 0.084491
0 0.391927 0.781829 0.051215 0.075231
0 0.342014 0.835069 0.046875 0.116898
0 0.417969 0.877894 0.087674 0.103009
0 0.149306 0.410301 0.041667 0.065972
