0 0.485354 0.402336 0.229564 0.160000
0 0.320504 0.307883 0.096730 0.081460
0 0.200272 0.436204 0.186649 0.141314
0 0.412636 0.586715 0.109332 0.073869
0 0.319482 0.650511 0.076975 0.065985
0 0.339067 0.721460 0.137943 0.121460
0 0.292575 0.892555 0.127384 0.095182
0 0.699591 0.618978 0.130790 0.089343
0 0.842984 0.639708 0.130790 0.090511
0 0.710150 0.489051 0.102180 0.075328
0 0.760388 0.360146 0.134537 0.093723
0 0.532868 0.208759 0.137943 0.095182
0 0.555177 0.100292 0.136240 0.090803
0 0.362568 0.201752 0.084128 0.060146
0 0.526567 0.024380 0.093324 0.030657
