0 0.426663 0.431116 0.235887 0.314516
0 0.661416 0.439516 0.183216 0.184812
0 0.740549 0.279906 0.194808 0.299059
0 0.251260 0.087366 0.348286 0.174059
0 0.560736 0.516801 0.130544 0.336022
0 0.262727 0.255376 0.128276 0.195565
0 0.220388 0.340894 0.160534 0.177083
1 0.091482 0.570060 0.117944 0.137433
1 0.131678 0.794691 0.111139 0.134409
1 0.290827 0.870968 0.101815 0.235215
1 0.435862 0.718246 0.094002 0.183132
1 0.713584 0.900034 0.127268 0.152890
1 0.539441 0.861055 0.108619 0.126680
1 0.655620 0.731351 0.077873 0.142137
1 0.318926 0.628192 0.114667 0.171035
1 0.226184 0.715222 0.073337 0.103831
1 0.258191 0.535786 0.086946 0.130040
