2 0.109520 0.518446 0.218461 0.164497
4 0.202257 0.082791 0.061921 0.077474
4 0.125723 0.050347 0.082465 0.037326
4 0.300492 0.041775 0.113715 0.038845
4 0.225984 0.187500 0.064236 0.066840
3 0.473958 0.244900 0.022569 0.017144
1 0.456453 0.426975 0.049479 0.096137
1 0.517361 0.447917 0.035301 0.035590
1 0.543258 0.484266 0.041377 0.031033
1 0.535012 0.509223 0.057870 0.031033
4 0.375868 0.569661 0.032986 0.043403
4 0.300492 0.111545 0.059896 0.063368
4 0.042969 0.096029 0.070312 0.091363
4 0.113281 0.085938 0.124132 0.068142
4 0.371672 0.509983 0.045428 0.054253
4 0.445168 0.543294 0.026910 0.034071
