3 0.388735 0.535786 0.169607 0.340390
3 0.558342 0.412802 0.121220 0.128024
3 0.739289 0.329469 0.325353 0.181788
3 0.506804 0.273017 0.126008 0.203293
3 0.671749 0.183636 0.096018 0.137433
3 0.265121 0.564852 0.197077 0.105511
3 0.152218 0.508905 0.076613 0.103831
3 0.169985 0.780074 0.212954 0.205981
3 0.493700 0.751176 0.298891 0.169691
3 0.828629 0.135585 0.176411 0.090390
3 0.734249 0.819892 0.124748 0.184812
3 0.734753 0.639617 0.096018 0.148185
3 0.668851 0.687668 0.088206 0.076277
3 0.241053 0.877016 0.194808 0.155914
3 0.961946 0.566196 0.076109 0.139113
