3 0.515951 0.419705 0.159939 0.254340
3 0.575304 0.619936 0.189670 0.121817
3 0.363390 0.665654 0.197700 0.188947
3 0.462782 0.240017 0.071832 0.114294
3 0.419379 0.128906 0.126953 0.105035
3 0.556424 0.132668 0.124566 0.118924
3 0.559245 0.256076 0.068576 0.070023
3 0.690104 0.529369 0.193142 0.147859
3 0.882487 0.694734 0.214627 0.234375
3 0.833442 0.419126 0.075304 0.088252
3 0.411458 0.342014 0.055990 0.111111
3 0.905924 0.489005 0.120009 0.079282
3 0.875109 0.551505 0.094835 0.125000
3 0.639323 0.683883 0.070747 0.121817
3 0.447374 0.543258 0.077474 0.105035
3 0.537001 0.750289 0.067491 0.135417
3 0.662109 0.404659 0.077691 0.068576
