3 0.385837 0.567876 0.163810 0.334677
3 0.543977 0.461022 0.136341 0.111559
3 0.715852 0.360887 0.296623 0.180108
3 0.495338 0.301411 0.141885 0.174059
3 0.656880 0.221774 0.096018 0.134409
3 0.731981 0.669355 0.085938 0.158602
3 0.736391 0.856519 0.117944 0.166667
3 0.487903 0.799227 0.285282 0.183132
3 0.252520 0.924731 0.158266 0.150538
3 0.168851 0.827453 0.215222 0.212030
3 0.257560 0.622816 0.159274 0.099126
3 0.157510 0.565524 0.080141 0.100806
3 0.670615 0.739583 0.087198 0.055108
3 0.964718 0.583837 0.070565 0.149530
3 0.809728 0.171539 0.168347 0.076277
