3 0.101310 0.356351 0.118952 0.259745
3 0.170615 0.719926 0.193548 0.232191
3 0.434602 0.464718 0.064264 0.110215
3 0.330393 0.166163 0.173891 0.132728
3 0.186618 0.165995 0.092994 0.123656
3 0.319430 0.584509 0.161542 0.047379
3 0.687248 0.437164 0.230343 0.329973
3 0.742818 0.576277 0.233619 0.223118
3 0.864793 0.279906 0.095010 0.079301
3 0.926033 0.176747 0.139869 0.200269
3 0.497102 0.505208 0.198337 0.157594
3 0.574471 0.790827 0.103075 0.090390
3 0.856225 0.794523 0.114667 0.131384
3 0.951613 0.759409 0.096774 0.168011
3 0.887727 0.573253 0.157006 0.161962
