3 0.403100 0.389953 0.145413 0.277890
3 0.465600 0.574597 0.245212 0.161962
3 0.389365 0.815356 0.150202 0.261089
3 0.269153 0.666331 0.127016 0.118952
3 0.215348 0.557964 0.191280 0.158938
3 0.121346 0.576277 0.127268 0.241263
3 0.295993 0.373152 0.162550 0.103831
3 0.549269 0.329469 0.103075 0.142137
3 0.514869 0.156082 0.137601 0.192540
3 0.712450 0.263105 0.285282 0.183468
3 0.932964 0.402722 0.105343 0.154234
3 0.188886 0.295195 0.056200 0.103831
3 0.145413 0.344926 0.055948 0.047379
3 0.348160 0.262265 0.179688 0.093078
3 0.687248 0.456317 0.088206 0.135753
3 0.652848 0.614415 0.099546 0.158938
3 0.871094 0.667003 0.238155 0.196909
3 0.573841 0.777050 0.063004 0.178427
3 0.764617 0.934476 0.151210 0.062500
3 0.725050 0.864079 0.143145 0.114583
3 0.718120 0.150706 0.111139 0.120632
