3 0.494792 0.398311 0.237567 0.143397
3 0.382392 0.323589 0.197581 0.122984
3 0.605007 0.533140 0.193212 0.157510
3 0.819220 0.623614 0.214382 0.118196
3 0.743616 0.403856 0.268817 0.094506
3 0.922211 0.414189 0.142809 0.058216
3 0.885417 0.632308 0.186828 0.122984
3 0.323589 0.617314 0.134409 0.080393
3 0.160954 0.384199 0.119624 0.115171
3 0.240759 0.204637 0.123992 0.162298
3 0.120968 0.057208 0.190860 0.113911
3 0.422211 0.114793 0.109207 0.055192
3 0.424395 0.148816 0.268817 0.132308
3 0.634409 0.124244 0.100806 0.111895
3 0.601815 0.044607 0.098790 0.088710
3 0.112567 0.254284 0.111559 0.088206
3 0.089382 0.157384 0.153226 0.077369
3 0.433804 0.525958 0.102823 0.099294
3 0.099966 0.840096 0.199261 0.170111
