3 0.365297 0.662634 0.154486 0.117608
3 0.700353 0.337870 0.206149 0.125336
3 0.548135 0.291331 0.080141 0.166667
3 0.593876 0.408938 0.096018 0.099462
3 0.513105 0.495296 0.129536 0.229167
3 0.562878 0.624328 0.178679 0.135753
3 0.875126 0.590054 0.228075 0.140457
3 0.910534 0.845766 0.172883 0.145161
3 0.548009 0.809140 0.128276 0.209005
3 0.448337 0.719758 0.116935 0.128360
3 0.389869 0.518985 0.146673 0.068884
3 0.421497 0.406586 0.177671 0.112903
3 0.268523 0.540323 0.169607 0.169355
3 0.293725 0.717574 0.077873 0.209341
3 0.116683 0.625000 0.063004 0.094758
3 0.133947 0.766465 0.095010 0.077957
3 0.435862 0.863407 0.077873 0.131384
3 0.698211 0.623488 0.073337 0.109879
3 0.693548 0.494456 0.059476 0.102487
4 0.782762 0.813004 0.100806 0.097782
4 0.734249 0.920531 0.095010 0.154234
