3 0.647177 0.359375 0.046875 0.115927
3 0.657384 0.408938 0.076865 0.065860
3 0.765121 0.330309 0.232359 0.168011
3 0.557208 0.386929 0.167339 0.058132
3 0.769153 0.518145 0.139617 0.110215
3 0.642515 0.605343 0.157006 0.109879
3 0.834929 0.854839 0.205141 0.151210
3 0.593246 0.764785 0.097278 0.157258
3 0.490171 0.557124 0.159274 0.133065
3 0.363029 0.532594 0.168599 0.111559
3 0.492440 0.467070 0.104335 0.133065
3 0.087072 0.782426 0.166079 0.207997
3 0.163180 0.394489 0.086946 0.051747
3 0.266885 0.336358 0.143145 0.094758
3 0.147681 0.349462 0.070060 0.096102
3 0.063382 0.490759 0.123740 0.198589
3 0.132812 0.571741 0.202621 0.109879
3 0.037550 0.917507 0.074597 0.154234
3 0.507939 0.894657 0.231603 0.090390
