3 0.432796 0.437752 0.197581 0.121472
3 0.675403 0.447959 0.224462 0.110131
3 0.326781 0.362903 0.195228 0.122984
3 0.376176 0.199219 0.256384 0.119708
3 0.193380 0.255040 0.126008 0.146673
3 0.092742 0.106099 0.184812 0.151210
3 0.543011 0.078629 0.086022 0.092742
3 0.572413 0.172379 0.094422 0.088206
3 0.133569 0.422757 0.119960 0.107107
3 0.741599 0.655116 0.218414 0.108619
3 0.847614 0.452621 0.136761 0.050403
3 0.895833 0.529108 0.170027 0.124244
3 0.078965 0.202999 0.157258 0.067792
3 0.459005 0.114793 0.081989 0.045615
3 0.553595 0.562248 0.191196 0.152722
3 0.393985 0.568548 0.123992 0.099294
3 0.279570 0.639365 0.155242 0.083669
3 0.904402 0.746472 0.077621 0.108871
3 0.092742 0.887475 0.184812 0.167087
3 0.589382 0.449597 0.081989 0.116431
