3 0.306788 0.210938 0.239247 0.096270
3 0.110551 0.324345 0.220430 0.184476
3 0.148353 0.201487 0.111223 0.115171
3 0.539819 0.300781 0.193212 0.121220
3 0.480007 0.217238 0.144825 0.067540
3 0.362567 0.429057 0.266801 0.116683
3 0.485383 0.425151 0.121976 0.099294
3 0.631384 0.347278 0.119624 0.100806
3 0.695397 0.438508 0.189180 0.075605
3 0.739415 0.576361 0.142809 0.140121
3 0.940020 0.628402 0.103159 0.133821
3 0.873824 0.510207 0.058804 0.083417
3 0.577621 0.511845 0.067204 0.114919
3 0.179772 0.635459 0.094758 0.107107
