3 0.409778 0.443296 0.189180 0.176411
3 0.568212 0.347152 0.186828 0.119708
3 0.794019 0.421119 0.172043 0.126008
3 0.711022 0.347152 0.119624 0.059728
3 0.853999 0.474798 0.107191 0.116431
3 0.145161 0.592112 0.155242 0.092994
3 0.923219 0.571699 0.153562 0.092994
3 0.622816 0.540953 0.212030 0.110131
3 0.254368 0.503024 0.113575 0.113407
3 0.295195 0.324345 0.212030 0.130544
3 0.461190 0.324345 0.077621 0.121472
3 0.815020 0.622732 0.079637 0.113407
3 0.949597 0.708669 0.100806 0.146673
3 0.174395 0.280998 0.201613 0.160786
3 0.199765 0.098286 0.281250 0.138609
3 0.417171 0.067666 0.107191 0.096018
