3 0.493700 0.745128 0.138609 0.221438
3 0.390499 0.586022 0.170615 0.123656
3 0.853075 0.301411 0.293851 0.195565
3 0.601310 0.301915 0.181956 0.114583
3 0.572707 0.461694 0.207409 0.217070
3 0.658644 0.672379 0.136341 0.152554
3 0.815020 0.751008 0.176411 0.172715
3 0.483871 0.407426 0.160282 0.138777
3 0.394027 0.480679 0.095010 0.102487
3 0.277092 0.178427 0.179688 0.139113
3 0.178049 0.250000 0.084929 0.077957
3 0.151588 0.140121 0.098538 0.166667
3 0.093876 0.334845 0.115675 0.222782
3 0.161416 0.453293 0.170615 0.127016
3 0.153982 0.642641 0.190020 0.212030
3 0.273690 0.493784 0.168347 0.088374
3 0.507434 0.556284 0.111139 0.131384
