3 0.685484 0.643313 0.171875 0.137433
3 0.641381 0.315020 0.125000 0.103831
3 0.639743 0.138609 0.215474 0.193884
3 0.539441 0.222614 0.090474 0.077621
3 0.511341 0.165491 0.036794 0.103831
3 0.435736 0.189852 0.160282 0.073253
3 0.364289 0.408098 0.140877 0.125336
3 0.516003 0.410450 0.132812 0.126680
3 0.469632 0.571741 0.099546 0.158938
3 0.368826 0.687668 0.149950 0.079637
3 0.360761 0.288306 0.092994 0.139113
3 0.230721 0.362399 0.148942 0.115927
3 0.113407 0.135585 0.168347 0.123992
3 0.111643 0.521337 0.167339 0.064180
3 0.207283 0.729671 0.099546 0.175739
3 0.045741 0.416667 0.051663 0.090054
3 0.106981 0.649530 0.089466 0.070565
