3 0.410030 0.514449 0.129536 0.129704
3 0.733619 0.782426 0.208669 0.161626
3 0.574975 0.350974 0.072329 0.068884
3 0.567036 0.288306 0.042339 0.114247
3 0.665575 0.261593 0.239415 0.158938
3 0.485635 0.321069 0.156754 0.076277
3 0.671749 0.457829 0.137349 0.123992
3 0.563004 0.537970 0.146673 0.116263
3 0.446573 0.412130 0.189012 0.126680
3 0.398564 0.424899 0.095010 0.131384
3 0.274320 0.476983 0.148942 0.103831
3 0.241683 0.840390 0.079133 0.174059
3 0.399194 0.824429 0.160282 0.105175
3 0.502142 0.694556 0.103075 0.157258
3 0.274824 0.651210 0.085938 0.100806
3 0.157384 0.624328 0.178679 0.062500
