3 0.459299 0.385417 0.099546 0.094758
3 0.562878 0.305780 0.178679 0.106855
3 0.377268 0.457829 0.105343 0.197245
3 0.418095 0.582325 0.198085 0.128360
3 0.311492 0.670195 0.104335 0.126680
3 0.243952 0.615927 0.172883 0.104167
3 0.238155 0.595262 0.170867 0.138777
3 0.400202 0.754872 0.142137 0.192540
3 0.728453 0.551747 0.202873 0.140457
3 0.875630 0.490759 0.203881 0.143481
3 0.865927 0.778562 0.136089 0.111559
3 0.714718 0.793851 0.186492 0.144825
3 0.428427 0.269153 0.092742 0.174059
3 0.325227 0.351647 0.175151 0.070228
3 0.128150 0.487567 0.149950 0.155914
3 0.868196 0.919523 0.163810 0.160954
3 0.870464 0.651042 0.209677 0.174395
