3 0.125723 0.444010 0.078414 0.092882
3 0.186777 0.505208 0.109664 0.054253
3 0.203270 0.549479 0.092882 0.086806
3 0.258102 0.475043 0.082755 0.049479
3 0.521557 0.423937 0.109664 0.074436
3 0.537037 0.486762 0.090856 0.054253
3 0.826389 0.492947 0.136574 0.044922
3 0.821181 0.561089 0.122106 0.060547
3 0.690972 0.494358 0.093171 0.054253
3 0.707465 0.453342 0.097222 0.040365
3 0.440972 0.230903 0.047454 0.078993
3 0.624855 0.382053 0.039062 0.040148
3 0.612558 0.273546 0.039352 0.031033
3 0.441985 0.292969 0.045428 0.051215
3 0.663194 0.557183 0.115741 0.040148
3 0.556568 0.580404 0.113715 0.027995
3 0.696181 0.638563 0.078704 0.072700
3 0.235243 0.403754 0.065972 0.037109
3 0.525752 0.300673 0.072338 0.038845
3 0.617622 0.649414 0.062211 0.057509
3 0.357205 0.315321 0.049479 0.024740
3 0.460503 0.351020 0.074363 0.061849
3 0.121528 0.546332 0.086806 0.074436
3 0.057581 0.544813 0.078704 0.046658
3 0.050347 0.506836 0.076389 0.044922
1 0.137008 0.689779 0.088831 0.066623
1 0.155671 0.768880 0.076389 0.097656
1 0.071904 0.764106 0.128183 0.072917
1 0.202257 0.864149 0.107639 0.068142
1 0.062645 0.918294 0.121817 0.117839
