3 0.362567 0.381804 0.170027 0.138609
3 0.455813 0.447203 0.210013 0.149446
3 0.618616 0.452747 0.081989 0.097530
3 0.711190 0.452747 0.207997 0.094506
3 0.110551 0.111769 0.220430 0.155998
3 0.222950 0.270035 0.142809 0.157510
3 0.110383 0.223538 0.157594 0.080141
3 0.396169 0.208543 0.254032 0.110131
3 0.386593 0.192036 0.113239 0.051915
3 0.564180 0.094380 0.098790 0.096018
3 0.595598 0.184980 0.094422 0.091230
3 0.559980 0.570817 0.191196 0.176411
3 0.751008 0.659148 0.207661 0.119708
3 0.824597 0.657510 0.186828 0.110383
3 0.911626 0.536920 0.168011 0.130796
3 0.850806 0.474798 0.138441 0.066028
3 0.933636 0.759073 0.056788 0.117944
3 0.099966 0.307712 0.107191 0.100806
3 0.298387 0.648059 0.134409 0.078881
3 0.402386 0.576361 0.098454 0.099294
3 0.087366 0.881930 0.174059 0.149446
3 0.510585 0.784274 0.075605 0.092742
3 0.246976 0.735383 0.081989 0.086694
