3 0.246976 0.510207 0.136425 0.080393
3 0.210181 0.479461 0.096438 0.104083
3 0.419187 0.631426 0.157594 0.070817
3 0.534610 0.578629 0.102823 0.126008
3 0.446573 0.485761 0.132392 0.110131
3 0.538978 0.383317 0.065188 0.075605
3 0.878024 0.697707 0.218414 0.108619
3 0.733199 0.792969 0.067204 0.078881
3 0.815188 0.769405 0.100806 0.075605
3 0.435988 0.409400 0.161626 0.064768
3 0.710013 0.428301 0.138441 0.064768
3 0.870632 0.445565 0.136425 0.074093
3 0.933636 0.529108 0.123992 0.067792
3 0.295195 0.577117 0.107191 0.078629
3 0.134577 0.406250 0.096438 0.092742
3 0.057964 0.302293 0.115255 0.086442
3 0.340390 0.297505 0.054435 0.058216
3 0.356183 0.348664 0.048387 0.056704
3 0.090558 0.501512 0.079637 0.066028
3 0.183972 0.631426 0.090390 0.058216
3 0.056956 0.927545 0.113239 0.096018
3 0.240759 0.368448 0.140793 0.064516
3 0.764617 0.577999 0.113239 0.083417
3 0.610215 0.707913 0.136425 0.075605
