3 0.695817 0.395329 0.178931 0.142137
3 0.555570 0.353999 0.085938 0.175739
3 0.522933 0.220262 0.096270 0.097782
3 0.498740 0.542507 0.112399 0.198589
3 0.389995 0.564684 0.132812 0.087030
3 0.355091 0.709005 0.143145 0.128360
3 0.444430 0.779234 0.102067 0.128360
3 0.560610 0.680108 0.185736 0.122312
3 0.689516 0.543347 0.067540 0.111559
3 0.683720 0.676411 0.083669 0.117608
3 0.866431 0.632056 0.180948 0.145161
3 0.548639 0.874832 0.120464 0.197245
3 0.289693 0.757897 0.085938 0.220094
3 0.427293 0.458669 0.140877 0.094758
3 0.613407 0.198085 0.084677 0.181788
3 0.924647 0.896169 0.150706 0.172715
3 0.653982 0.830645 0.067540 0.151210
