5 0.111559 0.553500 0.178763 0.138000
5 0.268145 0.569750 0.188172 0.141500
5 0.213038 0.713750 0.231183 0.183500
5 0.819220 0.288750 0.122312 0.088500
5 0.629704 0.326500 0.112903 0.077000
5 0.552419 0.205250 0.096774 0.069500
5 0.850806 0.187750 0.098118 0.073500
7 0.387097 0.416750 0.209677 0.199500
7 0.606855 0.512000 0.162634 0.051000
7 0.491263 0.432250 0.052419 0.139500
7 0.711694 0.446750 0.310484 0.071500
7 0.449261 0.536250 0.108199 0.032500
7 0.590726 0.565250 0.100806 0.052500
7 0.504032 0.605750 0.063172 0.125500
7 0.400874 0.510250 0.122984 0.022500
7 0.555780 0.469000 0.067204 0.090000
7 0.658938 0.511000 0.182124 0.035000
