7 0.576445 0.130418 0.136089 0.061240
7 0.533098 0.192288 0.088374 0.057964
7 0.579637 0.169229 0.131048 0.041583
7 0.454301 0.227067 0.049059 0.098790
7 0.429772 0.228327 0.073253 0.092742
7 0.453461 0.086190 0.072917 0.122984
7 0.504872 0.074471 0.033266 0.108619
7 0.513945 0.104713 0.038642 0.074345
7 0.362735 0.103453 0.183132 0.093498
7 0.584677 0.107863 0.151882 0.082661
7 0.500336 0.236895 0.047043 0.076613
7 0.394657 0.209299 0.064852 0.056200
7 0.570565 0.421119 0.113575 0.036794
7 0.401210 0.410282 0.157258 0.054435
7 0.363575 0.325605 0.194220 0.151714
7 0.442372 0.374748 0.120632 0.113911
7 0.558636 0.536794 0.103831 0.151714
7 0.648522 0.425907 0.206989 0.026210
7 0.626008 0.462576 0.133737 0.035030
7 0.603327 0.484123 0.122648 0.053931
7 0.407930 0.513483 0.105511 0.094506
7 0.574765 0.358871 0.108535 0.109375
7 0.592910 0.294859 0.152890 0.222278
7 0.414315 0.860635 0.041667 0.086694
7 0.402890 0.920363 0.045027 0.045867
7 0.525202 0.954259 0.212366 0.078881
7 0.328629 0.954385 0.108871 0.085685
7 0.372816 0.966482 0.045363 0.062500
