7 0.433804 0.458921 0.321237 0.389113
7 0.196405 0.369204 0.090390 0.200101
7 0.109207 0.225050 0.214382 0.075605
7 0.615423 0.423513 0.626008 0.399950
7 0.536626 0.451865 0.216398 0.274194
7 0.597614 0.514869 0.241599 0.141633
7 0.642641 0.286416 0.600470 0.141885
7 0.127016 0.147051 0.237231 0.064768
7 0.300235 0.089592 0.092406 0.147933
7 0.412634 0.139239 0.304435 0.143397
7 0.508233 0.074849 0.289987 0.149194
7 0.608031 0.214718 0.376008 0.026714
7 0.398017 0.723538 0.052755 0.086694
7 0.539819 0.750252 0.210013 0.089718
7 0.666835 0.799143 0.422379 0.168347
7 0.425403 0.612525 0.098790 0.094506
