7 0.482527 0.398942 0.309812 0.144657
7 0.642137 0.480217 0.426075 0.105595
7 0.686996 0.449471 0.334341 0.035534
7 0.534442 0.072077 0.656250 0.071573
7 0.419019 0.103957 0.354839 0.052671
7 0.390121 0.294733 0.084005 0.260333
7 0.501176 0.941910 0.092406 0.104587
7 0.532594 0.833039 0.094758 0.086442
7 0.668683 0.890373 0.326613 0.031754
7 0.619960 0.851184 0.179435 0.051663
7 0.677755 0.845010 0.248656 0.079637
7 0.360551 0.824849 0.266801 0.064012
7 0.627016 0.959929 0.165323 0.061996
7 0.700101 0.885459 0.322245 0.091482
7 0.711022 0.493952 0.555108 0.133569
7 0.678931 0.615045 0.610551 0.330393
7 0.698085 0.731729 0.271841 0.192288
7 0.612231 0.707787 0.190860 0.244204
7 0.406586 0.770035 0.137097 0.169103
7 0.483535 0.697455 0.075269 0.192792
7 0.658266 0.195565 0.243280 0.237903
7 0.724126 0.233367 0.545699 0.269657
7 0.183300 0.407888 0.347782 0.069808
7 0.153562 0.489793 0.306452 0.105595
7 0.300907 0.622984 0.078965 0.185988
7 0.521337 0.649572 0.056788 0.258821
