18 0.582829 0.593624 0.232863 0.141885
18 0.200605 0.623614 0.279570 0.157510
18 0.673051 0.417969 0.153226 0.111643
18 0.424227 0.208543 0.092406 0.096018
18 0.027554 0.804688 0.054435 0.103831
5 0.182796 0.741557 0.155242 0.081905
5 0.390625 0.879410 0.210013 0.159022
5 0.267809 0.908644 0.229167 0.182712
5 0.783434 0.743952 0.142809 0.177923
5 0.771841 0.476310 0.136425 0.089718
18 0.890625 0.586568 0.218750 0.155998
5 0.228999 0.097530 0.105175 0.075605
5 0.307796 0.032132 0.115591 0.042591
