6 0.576500 0.697667 0.065000 0.062000
6 0.485000 0.701000 0.052000 0.090000
6 0.481500 0.777000 0.055000 0.090000
6 0.513750 0.794333 0.053500 0.042000
6 0.594250 0.844000 0.066500 0.094667
6 0.733250 0.804000 0.048500 0.085333
6 0.802500 0.797000 0.080000 0.099333
6 0.862250 0.814667 0.053500 0.106667
6 0.295500 0.741000 0.076000 0.080667
6 0.201500 0.722333 0.064000 0.080667
6 0.164750 0.611667 0.055500 0.079333
6 0.118750 0.841000 0.068500 0.072667
6 0.316500 0.858000 0.050000 0.066667
6 0.359500 0.837000 0.048000 0.062000
6 0.204250 0.931667 0.076500 0.099333
6 0.339750 0.536333 0.054500 0.064667
6 0.064250 0.741000 0.031500 0.059333
6 0.196000 0.485000 0.051000 0.062000
6 0.298500 0.508667 0.030000 0.049333
6 0.249000 0.521000 0.052000 0.080667
6 0.216500 0.618667 0.043000 0.058667
6 0.089750 0.959000 0.075500 0.072667
6 0.888500 0.939667 0.041000 0.080667
6 0.861250 0.360667 0.044500 0.057333
6 0.892000 0.417667 0.059000 0.063333
6 0.896500 0.479000 0.057000 0.059333
6 0.860000 0.526333 0.056000 0.063333
6 0.799000 0.341000 0.052000 0.050000
6 0.822750 0.408667 0.037500 0.076000
6 0.965500 0.584000 0.043000 0.066667
6 0.925250 0.661333 0.039500 0.064000
6 0.853250 0.645667 0.046500 0.060667
