6 0.874664 0.859750 0.132392 0.093500
6 0.851142 0.934000 0.128360 0.114000
6 0.761089 0.869250 0.110887 0.093500
6 0.657930 0.881500 0.115591 0.078000
6 0.681116 0.785500 0.098790 0.058000
6 0.698925 0.726250 0.104839 0.095500
6 0.783938 0.777000 0.106855 0.084000
6 0.870296 0.781000 0.107527 0.083000
6 0.370296 0.552750 0.115591 0.085500
6 0.343078 0.664500 0.094758 0.072000
6 0.267473 0.506000 0.060484 0.042000
6 0.405914 0.794250 0.090054 0.068500
6 0.464718 0.712000 0.094758 0.067000
6 0.751344 0.620000 0.071237 0.055000
6 0.787298 0.552000 0.092070 0.050000
6 0.712702 0.555000 0.073253 0.050000
6 0.624664 0.546500 0.065188 0.045000
6 0.801747 0.152750 0.063172 0.051500
6 0.444892 0.474500 0.067204 0.042000
6 0.374664 0.433250 0.069220 0.053500
6 0.379704 0.398750 0.063172 0.065500
6 0.237231 0.386250 0.067204 0.043500
6 0.162298 0.580750 0.069220 0.054500
6 0.476478 0.293250 0.122312 0.070500
6 0.662298 0.270750 0.081317 0.056500
6 0.876680 0.498000 0.069220 0.067000
6 0.721102 0.310500 0.060484 0.033000
6 0.407258 0.235500 0.067204 0.030000
