6 0.186750 0.748667 0.095500 0.086667
6 0.241500 0.672000 0.072000 0.104000
6 0.340250 0.727333 0.060500 0.105333
6 0.413000 0.697667 0.062000 0.074000
6 0.386250 0.776000 0.073500 0.097333
6 0.325750 0.848000 0.070500 0.112000
6 0.144500 0.655000 0.050000 0.082000
6 0.089000 0.683000 0.056000 0.088667
6 0.068750 0.585333 0.045500 0.069333
6 0.052500 0.524667 0.062000 0.078667
6 0.138000 0.440333 0.070000 0.071333
6 0.170500 0.497667 0.060000 0.074000
6 0.240250 0.607667 0.069500 0.064667
6 0.686250 0.540333 0.031500 0.054000
6 0.519500 0.941667 0.051000 0.100667
6 0.483250 0.858667 0.046500 0.077333
6 0.520000 0.827000 0.048000 0.072667
6 0.499500 0.707000 0.058000 0.074000
6 0.430250 0.942667 0.068500 0.112000
6 0.836250 0.868333 0.052500 0.052667
6 0.793000 0.896000 0.050000 0.068000
6 0.892000 0.714000 0.034000 0.045333
6 0.382000 0.900000 0.058000 0.085333
6 0.207750 0.862000 0.041500 0.056000
6 0.178000 0.914000 0.066000 0.092000
6 0.203500 0.955667 0.057000 0.060667
6 0.609500 0.624667 0.055000 0.074667
6 0.728000 0.874333 0.057000 0.052667
