6 0.693884 0.495500 0.140457 0.125000
6 0.812500 0.516000 0.163978 0.103000
6 0.615255 0.609750 0.121640 0.109500
6 0.521505 0.580750 0.123656 0.129500
6 0.920027 0.369250 0.159946 0.118500
6 0.844758 0.427750 0.149194 0.082500
6 0.786962 0.338750 0.134409 0.104500
6 0.774866 0.232500 0.130376 0.089000
6 0.828965 0.144000 0.151210 0.100000
6 0.718750 0.136500 0.136425 0.078000
6 0.665659 0.088750 0.147177 0.076500
6 0.555108 0.122500 0.123656 0.075000
6 0.580309 0.184000 0.106855 0.048000
6 0.417675 0.277000 0.143145 0.084000
6 0.488911 0.205750 0.113575 0.070500
6 0.401882 0.141000 0.098118 0.075000
6 0.283266 0.119250 0.079973 0.065500
6 0.106855 0.223750 0.159946 0.068500
6 0.206653 0.297250 0.094758 0.068500
6 0.487903 0.345000 0.145161 0.095000
6 0.235215 0.519250 0.100806 0.087500
6 0.252688 0.591000 0.094086 0.075000
6 0.157258 0.673000 0.168011 0.114000
6 0.271841 0.331500 0.102823 0.053000
6 0.163642 0.447250 0.117608 0.096500
6 0.037970 0.418250 0.074597 0.070500
