6 0.429435 0.709000 0.048387 0.027000
6 0.731855 0.933250 0.086022 0.071500
6 0.861895 0.963500 0.073253 0.073000
6 0.808468 0.873000 0.067204 0.067000
6 0.511089 0.823750 0.057124 0.037500
6 0.281250 0.793250 0.058468 0.045500
6 0.227487 0.792000 0.069220 0.039000
6 0.287298 0.958250 0.050403 0.037500
6 0.182460 0.638000 0.050403 0.028000
6 0.882728 0.773750 0.057124 0.056500
6 0.912970 0.625250 0.050403 0.034500
6 0.926747 0.676250 0.052419 0.032500
6 0.915323 0.737000 0.059140 0.039000
6 0.707325 0.842500 0.054435 0.044000
6 0.263441 0.689500 0.052419 0.028000
6 0.079637 0.647250 0.054435 0.028500
6 0.220094 0.578500 0.050403 0.044000
