6 0.366392 0.578319 0.220718 0.207965
6 0.134491 0.618584 0.267805 0.210619
6 0.230724 0.346903 0.195409 0.152212
6 0.412596 0.317257 0.177752 0.183186
6 0.639494 0.557522 0.325486 0.277876
6 0.285756 0.892920 0.266627 0.214159
6 0.608005 0.785398 0.107122 0.144248
6 0.476457 0.754425 0.180695 0.128319
6 0.341672 0.203540 0.179517 0.153982
6 0.730724 0.183186 0.132431 0.141593
6 0.651854 0.411062 0.201883 0.131858
6 0.832549 0.688053 0.150088 0.195575
6 0.548558 0.924336 0.118893 0.151327
6 0.713361 0.905752 0.204826 0.142478
