23 0.633377 0.348729 0.302028 0.216987
23 0.840388 0.595939 0.319224 0.181339
23 0.527557 0.406851 0.138889 0.249535
23 0.458113 0.768754 0.352734 0.371978
23 0.394180 0.211562 0.489418 0.110043
23 0.336861 0.336330 0.127866 0.111593
23 0.389771 0.513794 0.229277 0.134842
23 0.721561 0.832300 0.271164 0.099194
23 0.422840 0.944048 0.171958 0.111903
23 0.464727 0.106169 0.229277 0.128642
23 0.148810 0.165065 0.296737 0.125542
23 0.069444 0.572691 0.138007 0.168940
23 0.060626 0.062151 0.120370 0.123683
