21 0.426720 0.659238 0.077277 0.150517
21 0.309593 0.610627 0.060078 0.155362
1 0.808503 0.597707 0.107316 0.119832
1 0.921512 0.679910 0.102713 0.105943
1 0.795179 0.439276 0.069041 0.076873
1 0.704700 0.458495 0.045058 0.078488
1 0.644622 0.490795 0.070252 0.090762
1 0.797481 0.731428 0.090116 0.110788
1 0.707485 0.771479 0.099079 0.156654
1 0.913396 0.954134 0.150921 0.091731
17 0.895591 0.829134 0.078488 0.161499
1 0.889293 0.469961 0.063469 0.125969
1 0.828004 0.313630 0.045058 0.078811
1 0.059835 0.575420 0.118702 0.062984
4 0.605378 0.856105 0.061047 0.086240
4 0.626817 0.942183 0.055475 0.061370
