4 0.593266 0.854490 0.057655 0.098514
4 0.705790 0.960271 0.065649 0.079457
4 0.622093 0.933786 0.060078 0.075581
17 0.890867 0.828488 0.064680 0.169251
1 0.910610 0.943475 0.172965 0.113049
1 0.920906 0.669251 0.087452 0.124677
1 0.808382 0.601583 0.102713 0.130814
1 0.755329 0.505329 0.061047 0.055233
1 0.698280 0.463017 0.057897 0.090762
1 0.717902 0.555394 0.041424 0.075258
1 0.790455 0.728359 0.087694 0.125969
1 0.699976 0.758398 0.095688 0.173773
1 0.633115 0.553133 0.084060 0.061693
1 0.665334 0.315245 0.068072 0.075581
1 0.817587 0.313630 0.051841 0.078811
1 0.871366 0.494671 0.069283 0.114018
1 0.804385 0.820736 0.080669 0.104651
21 0.419574 0.656815 0.072674 0.179910
21 0.304385 0.611434 0.056444 0.141473
1 0.049903 0.572997 0.099322 0.064599
