3 0.261161 0.531250 0.066964 0.098214
3 0.169643 0.484375 0.062500 0.058036
3 0.198661 0.399554 0.066964 0.066964
3 0.107143 0.428571 0.080357 0.053571
3 0.250000 0.466518 0.098214 0.049107
3 0.323661 0.386161 0.058036 0.040179
3 0.642857 0.493304 0.062500 0.066964
3 0.897321 0.625000 0.125000 0.062500
3 0.868304 0.678571 0.093750 0.062500
1 0.140625 0.625000 0.075893 0.062500
1 0.053571 0.662946 0.098214 0.049107
1 0.142857 0.790179 0.098214 0.089286
1 0.136161 0.712054 0.084821 0.084821
3 0.720982 0.707589 0.049107 0.066964
3 0.803571 0.562500 0.089286 0.062500
3 0.584821 0.287946 0.035714 0.058036
3 0.564732 0.348214 0.040179 0.044643
3 0.575893 0.446429 0.062500 0.053571
3 0.462054 0.350446 0.040179 0.040179
