1 0.196429 0.649554 0.089286 0.075893
1 0.116071 0.703125 0.133929 0.058036
1 0.185268 0.732143 0.040179 0.089286
1 0.198661 0.828125 0.084821 0.093750
3 0.308036 0.540179 0.053571 0.080357
3 0.301339 0.477679 0.084821 0.053571
3 0.232143 0.495536 0.053571 0.062500
3 0.256696 0.412946 0.049107 0.075893
3 0.368304 0.475446 0.075893 0.049107
3 0.370536 0.404018 0.053571 0.031250
3 0.593750 0.310268 0.044643 0.075893
3 0.685268 0.433036 0.022321 0.035714
3 0.560268 0.515625 0.066964 0.040179
3 0.645089 0.482143 0.040179 0.044643
3 0.578125 0.368304 0.040179 0.031250
3 0.578125 0.435268 0.049107 0.049107
3 0.600446 0.589286 0.066964 0.044643
3 0.687500 0.575893 0.080357 0.044643
3 0.763393 0.600446 0.080357 0.040179
3 0.843750 0.680804 0.107143 0.058036
3 0.814732 0.747768 0.084821 0.058036
3 0.698661 0.683036 0.049107 0.044643
3 0.500000 0.359375 0.053571 0.040179
