3 0.142857 0.321429 0.062500 0.080357
3 0.178571 0.406250 0.071429 0.062500
3 0.187500 0.486607 0.062500 0.089286
3 0.111607 0.435268 0.053571 0.075893
3 0.243304 0.330357 0.066964 0.044643
3 0.720982 0.633929 0.111607 0.062500
3 0.685268 0.703125 0.093750 0.075893
3 0.508929 0.705357 0.053571 0.053571
3 0.477679 0.223214 0.044643 0.089286
3 0.555804 0.515625 0.058036 0.066964
3 0.457589 0.368304 0.049107 0.075893
3 0.593750 0.455357 0.035714 0.035714
3 0.366071 0.270089 0.017857 0.031250
1 0.078125 0.598214 0.075893 0.062500
1 0.069196 0.696429 0.058036 0.098214
