1 0.214286 0.627232 0.080357 0.066964
1 0.243304 0.732143 0.058036 0.089286
1 0.220982 0.866071 0.075893 0.151786
1 0.279018 0.816964 0.120536 0.080357
3 0.287946 0.479911 0.075893 0.075893
3 0.263393 0.430804 0.098214 0.049107
3 0.209821 0.375000 0.053571 0.062500
3 0.203125 0.473214 0.066964 0.080357
3 0.602679 0.406250 0.071429 0.062500
3 0.861607 0.397321 0.116071 0.053571
3 0.854911 0.473214 0.102679 0.053571
3 0.767857 0.361607 0.071429 0.062500
3 0.616071 0.502232 0.098214 0.040179
3 0.680804 0.363839 0.084821 0.058036
3 0.522321 0.261161 0.062500 0.075893
3 0.495536 0.207589 0.062500 0.058036
3 0.314732 0.321429 0.058036 0.044643
3 0.500000 0.129464 0.035714 0.062500
3 0.607143 0.294643 0.044643 0.080357
