3 0.647321 0.669643 0.151786 0.098214
3 0.372768 0.265625 0.102679 0.058036
3 0.243304 0.399554 0.075893 0.084821
3 0.296875 0.312500 0.066964 0.089286
3 0.493304 0.696429 0.129464 0.098214
3 0.564732 0.790179 0.147321 0.080357
3 0.705357 0.770089 0.160714 0.075893
3 0.428571 0.622768 0.133929 0.066964
3 0.397321 0.752232 0.151786 0.093750
3 0.198661 0.310268 0.111607 0.058036
3 0.098214 0.408482 0.116071 0.049107
3 0.247768 0.491071 0.075893 0.044643
3 0.575893 0.564732 0.062500 0.066964
3 0.482143 0.435268 0.125000 0.031250
3 0.410714 0.323661 0.089286 0.031250
