3 0.444196 0.830357 0.102679 0.133929
3 0.493304 0.694196 0.093750 0.093750
3 0.578125 0.761161 0.120536 0.102679
3 0.377232 0.676339 0.111607 0.111607
3 0.665179 0.265625 0.071429 0.111607
3 0.783482 0.270089 0.084821 0.066964
3 0.560268 0.095982 0.093750 0.075893
3 0.602679 0.154018 0.053571 0.102679
3 0.421875 0.531250 0.058036 0.071429
3 0.504464 0.261161 0.062500 0.058036
3 0.837054 0.328125 0.084821 0.102679
3 0.787946 0.091518 0.058036 0.049107
3 0.770089 0.037946 0.040179 0.066964
3 0.533482 0.600446 0.084821 0.111607
3 0.645089 0.473214 0.031250 0.053571
3 0.674107 0.408482 0.044643 0.049107
3 0.676339 0.350446 0.049107 0.058036
