3 0.591518 0.479911 0.102679 0.111607
3 0.564732 0.671875 0.111607 0.138393
3 0.441964 0.680804 0.125000 0.120536
3 0.511161 0.383929 0.075893 0.071429
3 0.261161 0.058036 0.066964 0.107143
3 0.214286 0.272321 0.062500 0.116071
3 0.075893 0.421875 0.089286 0.066964
3 0.491071 0.580357 0.089286 0.089286
3 0.674107 0.609375 0.116071 0.084821
3 0.430804 0.506696 0.111607 0.075893
3 0.055804 0.122768 0.058036 0.066964
3 0.053571 0.180804 0.035714 0.058036
3 0.229911 0.162946 0.058036 0.084821
3 0.035714 0.535714 0.062500 0.116071
3 0.111607 0.332589 0.071429 0.075893
1 0.580357 0.870536 0.098214 0.107143
