3 0.359375 0.640625 0.111607 0.120536
3 0.386161 0.805804 0.120536 0.120536
3 0.517857 0.825893 0.098214 0.107143
3 0.466518 0.734375 0.111607 0.084821
3 0.542411 0.683036 0.129464 0.062500
3 0.276786 0.736607 0.142857 0.062500
3 0.450893 0.560268 0.062500 0.049107
3 0.779018 0.500000 0.066964 0.125000
3 0.729911 0.294643 0.058036 0.080357
3 0.761161 0.388393 0.040179 0.098214
3 0.955357 0.370536 0.044643 0.044643
3 0.921875 0.622768 0.084821 0.058036
3 0.888393 0.544643 0.062500 0.080357
3 0.464286 0.506696 0.026786 0.031250
