3 0.571429 0.566964 0.107143 0.098214
3 0.457589 0.613839 0.093750 0.093750
3 0.377232 0.680804 0.102679 0.102679
3 0.504464 0.750000 0.089286 0.151786
3 0.609375 0.727679 0.111607 0.107143
3 0.591518 0.794643 0.093750 0.142857
3 0.095982 0.247768 0.075893 0.084821
3 0.263393 0.169643 0.071429 0.089286
3 0.316964 0.073661 0.044643 0.066964
3 0.158482 0.174107 0.084821 0.098214
3 0.075893 0.187500 0.089286 0.071429
3 0.261161 0.258929 0.031250 0.053571
3 0.316964 0.370536 0.044643 0.044643
3 0.517857 0.430804 0.053571 0.084821
3 0.406250 0.495536 0.089286 0.080357
1 0.464286 0.939732 0.089286 0.111607
