3 0.437500 0.622768 0.098214 0.093750
3 0.558036 0.642857 0.098214 0.080357
3 0.647321 0.689732 0.116071 0.084821
3 0.515625 0.747768 0.084821 0.120536
3 0.415179 0.754464 0.098214 0.089286
3 0.595982 0.555804 0.075893 0.066964
3 0.716518 0.263393 0.084821 0.071429
3 0.647321 0.171875 0.053571 0.084821
3 0.593750 0.131696 0.080357 0.058036
3 0.823661 0.256696 0.093750 0.058036
3 0.892857 0.301339 0.080357 0.084821
3 0.808036 0.062500 0.053571 0.035714
3 0.551339 0.279018 0.049107 0.049107
3 0.575893 0.196429 0.053571 0.044643
3 0.725446 0.381696 0.049107 0.058036
3 0.484375 0.506696 0.058036 0.066964
3 0.957589 0.352679 0.075893 0.053571
