3 0.566964 0.560268 0.151786 0.093750
3 0.511161 0.642857 0.111607 0.098214
3 0.104911 0.616071 0.138393 0.062500
3 0.069196 0.716518 0.129464 0.075893
3 0.808036 0.508929 0.142857 0.142857
3 0.642857 0.685268 0.169643 0.102679
3 0.395089 0.589286 0.111607 0.080357
3 0.444196 0.482143 0.058036 0.071429
3 0.941964 0.301339 0.107143 0.111607
3 0.895089 0.399554 0.084821 0.093750
3 0.647321 0.361607 0.080357 0.062500
3 0.564732 0.484375 0.129464 0.093750
3 0.316964 0.779018 0.107143 0.058036
3 0.200893 0.843750 0.125000 0.107143
