3 0.796875 0.497768 0.111607 0.066964
3 0.571429 0.533482 0.080357 0.075893
3 0.504464 0.636161 0.089286 0.102679
3 0.234375 0.578125 0.111607 0.102679
3 0.316964 0.392857 0.053571 0.053571
3 0.426339 0.555804 0.138393 0.102679
3 0.406250 0.691964 0.142857 0.071429
3 0.069196 0.412946 0.120536 0.066964
3 0.129464 0.493304 0.089286 0.102679
3 0.770089 0.792411 0.093750 0.058036
3 0.689732 0.821429 0.049107 0.071429
3 0.854911 0.569196 0.102679 0.058036
3 0.502232 0.464286 0.049107 0.071429
3 0.404018 0.482143 0.102679 0.062500
3 0.638393 0.593750 0.125000 0.062500
3 0.669643 0.691964 0.125000 0.080357
3 0.279018 0.647321 0.111607 0.062500
