3 0.433036 0.455357 0.223214 0.125000
3 0.526786 0.564732 0.187500 0.165179
3 0.736607 0.654018 0.250000 0.138393
3 0.654018 0.455357 0.183036 0.125000
3 0.852679 0.529018 0.160714 0.129464
3 0.207589 0.265625 0.111607 0.183036
3 0.511161 0.087054 0.075893 0.093750
3 0.544643 0.174107 0.098214 0.080357
3 0.343750 0.366071 0.169643 0.142857
3 0.107143 0.109375 0.196429 0.174107
3 0.098214 0.303571 0.098214 0.071429
3 0.151786 0.444196 0.098214 0.111607
3 0.287946 0.665179 0.138393 0.080357
3 0.792411 0.455357 0.129464 0.071429
3 0.372768 0.200893 0.209821 0.116071
3 0.089286 0.908482 0.169643 0.165179
