3 0.426339 0.462054 0.236607 0.138393
3 0.261161 0.508929 0.075893 0.098214
3 0.354911 0.584821 0.245536 0.107143
3 0.522321 0.544643 0.142857 0.098214
3 0.678571 0.600446 0.178571 0.066964
3 0.151786 0.729911 0.294643 0.156250
3 0.162946 0.540179 0.245536 0.133929
3 0.180804 0.261161 0.120536 0.084821
3 0.191964 0.169643 0.116071 0.089286
3 0.517857 0.368304 0.169643 0.138393
3 0.636161 0.229911 0.138393 0.138393
3 0.700893 0.082589 0.187500 0.147321
3 0.433036 0.234375 0.267857 0.156250
3 0.770089 0.359375 0.147321 0.084821
3 0.785714 0.241071 0.116071 0.107143
