3 0.535714 0.546875 0.125000 0.138393
3 0.408482 0.479911 0.183036 0.102679
3 0.781250 0.544643 0.151786 0.089286
3 0.810268 0.406250 0.165179 0.071429
3 0.446429 0.205357 0.089286 0.071429
3 0.299107 0.437500 0.169643 0.107143
3 0.156250 0.379464 0.125000 0.107143
3 0.274554 0.292411 0.209821 0.075893
3 0.337054 0.694196 0.093750 0.084821
3 0.404018 0.575893 0.075893 0.125000
3 0.154018 0.558036 0.084821 0.125000
3 0.707589 0.578125 0.191964 0.102679
3 0.397321 0.145089 0.080357 0.093750
3 0.600446 0.395089 0.183036 0.102679
