3 0.497768 0.482143 0.272321 0.125000
3 0.366071 0.604911 0.232143 0.183036
3 0.194196 0.457589 0.263393 0.111607
3 0.627232 0.392857 0.236607 0.169643
3 0.796875 0.258929 0.156250 0.178571
3 0.587054 0.183036 0.272321 0.133929
3 0.901786 0.089286 0.178571 0.142857
3 0.368304 0.064732 0.102679 0.111607
3 0.328125 0.154018 0.111607 0.084821
3 0.683036 0.698661 0.151786 0.084821
3 0.558036 0.602679 0.133929 0.089286
3 0.716518 0.808036 0.093750 0.098214
3 0.678571 0.904018 0.107143 0.102679
3 0.410714 0.850446 0.080357 0.075893
