3 0.517857 0.636161 0.169643 0.156250
3 0.651786 0.546875 0.267857 0.084821
3 0.794643 0.515625 0.205357 0.138393
3 0.198661 0.466518 0.111607 0.058036
3 0.125000 0.526786 0.196429 0.071429
3 0.636161 0.214286 0.111607 0.080357
3 0.589286 0.279018 0.107143 0.084821
3 0.801339 0.354911 0.254464 0.102679
3 0.787946 0.747768 0.138393 0.084821
3 0.383929 0.495536 0.214286 0.062500
3 0.174107 0.656250 0.223214 0.089286
3 0.276786 0.676339 0.258929 0.084821
3 0.700893 0.658482 0.142857 0.102679
3 0.803571 0.841518 0.098214 0.093750
