3 0.395089 0.484375 0.272321 0.111607
3 0.533482 0.587054 0.174107 0.165179
3 0.810268 0.620536 0.200893 0.107143
3 0.892857 0.482143 0.178571 0.107143
3 0.439732 0.125000 0.093750 0.098214
3 0.479911 0.200893 0.120536 0.080357
3 0.276786 0.270089 0.241071 0.084821
3 0.102679 0.337054 0.133929 0.138393
3 0.270089 0.428571 0.174107 0.142857
3 0.656250 0.444196 0.196429 0.102679
3 0.799107 0.424107 0.133929 0.062500
3 0.372768 0.609375 0.102679 0.102679
3 0.283482 0.689732 0.120536 0.075893
3 0.087054 0.770089 0.093750 0.129464
3 0.082589 0.526786 0.093750 0.133929
3 0.091518 0.937500 0.174107 0.125000
