3 0.428571 0.399554 0.160714 0.129464
3 0.515625 0.473214 0.200893 0.116071
3 0.618304 0.598214 0.183036 0.151786
3 0.810268 0.667411 0.191964 0.120536
3 0.868304 0.658482 0.183036 0.111607
3 0.892857 0.448661 0.107143 0.058036
3 0.763393 0.457589 0.232143 0.111607
3 0.397321 0.696429 0.107143 0.080357
3 0.227679 0.732143 0.071429 0.125000
3 0.299107 0.299107 0.107143 0.151786
3 0.189732 0.151786 0.156250 0.142857
3 0.453125 0.229911 0.218750 0.111607
3 0.491071 0.604911 0.098214 0.084821
3 0.593750 0.098214 0.089286 0.098214
3 0.631696 0.189732 0.075893 0.093750
3 0.363839 0.792411 0.066964 0.093750
