3 0.787946 0.368304 0.120536 0.129464
3 0.631696 0.276786 0.227679 0.089286
3 0.888393 0.243304 0.187500 0.138393
3 0.506696 0.129464 0.066964 0.089286
3 0.468750 0.212054 0.080357 0.093750
3 0.549107 0.537946 0.223214 0.129464
3 0.433036 0.627232 0.151786 0.156250
3 0.196429 0.462054 0.107143 0.058036
3 0.133929 0.537946 0.133929 0.111607
3 0.207589 0.683036 0.191964 0.116071
3 0.573661 0.654018 0.093750 0.102679
3 0.640625 0.750000 0.129464 0.089286
3 0.669643 0.859375 0.062500 0.084821
3 0.812500 0.571429 0.080357 0.116071
3 0.645089 0.457589 0.147321 0.138393
3 0.345982 0.470982 0.183036 0.075893
3 0.799107 0.812500 0.080357 0.160714
