3 0.473214 0.191964 0.107143 0.089286
3 0.504464 0.265625 0.089286 0.084821
3 0.350446 0.502232 0.218750 0.111607
3 0.455357 0.602679 0.187500 0.116071
3 0.254464 0.419643 0.169643 0.107143
3 0.707589 0.698661 0.174107 0.093750
3 0.625000 0.698661 0.187500 0.129464
3 0.176339 0.816964 0.084821 0.089286
3 0.613839 0.506696 0.191964 0.102679
3 0.819196 0.587054 0.156250 0.102679
3 0.765625 0.520089 0.138393 0.040179
3 0.176339 0.658482 0.147321 0.066964
3 0.120536 0.337054 0.125000 0.156250
3 0.296875 0.276786 0.227679 0.107143
