3 0.350446 0.571429 0.156250 0.169643
3 0.508929 0.473214 0.232143 0.116071
3 0.611607 0.450893 0.196429 0.107143
3 0.513393 0.604911 0.107143 0.129464
3 0.580357 0.714286 0.125000 0.098214
3 0.256696 0.412946 0.209821 0.120536
3 0.805804 0.370536 0.147321 0.133929
3 0.794643 0.578125 0.107143 0.156250
3 0.589286 0.812500 0.071429 0.080357
3 0.341518 0.774554 0.093750 0.075893
3 0.640625 0.279018 0.281250 0.102679
3 0.912946 0.281250 0.156250 0.098214
3 0.513393 0.116071 0.098214 0.089286
3 0.127232 0.587054 0.245536 0.120536
