3 0.564732 0.334821 0.174107 0.169643
3 0.752232 0.424107 0.183036 0.205357
3 0.622768 0.491071 0.183036 0.133929
3 0.758929 0.660714 0.169643 0.178571
3 0.823661 0.698661 0.156250 0.147321
3 0.328125 0.595982 0.066964 0.102679
3 0.216518 0.475446 0.093750 0.156250
3 0.350446 0.720982 0.084821 0.102679
3 0.493304 0.216518 0.129464 0.183036
3 0.305804 0.223214 0.111607 0.125000
3 0.908482 0.468750 0.120536 0.080357
3 0.915179 0.555804 0.098214 0.120536
3 0.379464 0.513393 0.125000 0.089286
3 0.741071 0.069196 0.080357 0.111607
