3 0.488839 0.401786 0.200893 0.160714
3 0.410714 0.551339 0.205357 0.165179
3 0.254464 0.475446 0.196429 0.156250
3 0.578125 0.287946 0.147321 0.147321
3 0.683036 0.600446 0.133929 0.075893
3 0.214286 0.727679 0.241071 0.169643
3 0.727679 0.676339 0.089286 0.093750
3 0.689732 0.129464 0.129464 0.178571
3 0.524554 0.111607 0.218750 0.169643
3 0.776786 0.316964 0.116071 0.125000
3 0.803571 0.160714 0.098214 0.107143
3 0.305804 0.125000 0.084821 0.116071
3 0.078125 0.611607 0.093750 0.116071
3 0.502232 0.792411 0.066964 0.111607
3 0.921875 0.794643 0.156250 0.125000
