3 0.546875 0.272321 0.111607 0.142857
3 0.379464 0.310268 0.214286 0.147321
3 0.595982 0.470982 0.129464 0.174107
3 0.683036 0.388393 0.151786 0.107143
3 0.712054 0.484375 0.165179 0.075893
3 0.729911 0.613839 0.174107 0.138393
3 0.647321 0.667411 0.116071 0.102679
3 0.515625 0.578125 0.174107 0.102679
3 0.506696 0.738839 0.147321 0.174107
3 0.176339 0.522321 0.209821 0.125000
3 0.488839 0.125000 0.093750 0.160714
3 0.589286 0.160714 0.116071 0.089286
3 0.183036 0.350446 0.125000 0.111607
3 0.095982 0.745536 0.183036 0.142857
3 0.383929 0.435268 0.071429 0.111607
