3 0.613839 0.435268 0.093750 0.075893
3 0.696429 0.345982 0.169643 0.147321
3 0.562500 0.310268 0.080357 0.165179
3 0.529018 0.196429 0.084821 0.089286
3 0.473214 0.448661 0.107143 0.111607
3 0.446429 0.584821 0.169643 0.107143
3 0.444196 0.732143 0.138393 0.169643
3 0.879464 0.578125 0.169643 0.138393
3 0.595982 0.676339 0.138393 0.120536
3 0.627232 0.872768 0.111607 0.191964
3 0.517857 0.794643 0.089286 0.116071
3 0.694196 0.517857 0.058036 0.142857
3 0.819196 0.830357 0.058036 0.098214
3 0.852679 0.377232 0.116071 0.138393
