3 0.537946 0.647321 0.183036 0.142857
3 0.515625 0.330357 0.111607 0.142857
3 0.375000 0.383929 0.205357 0.125000
3 0.602679 0.524554 0.125000 0.183036
3 0.482143 0.455357 0.098214 0.089286
3 0.209821 0.633929 0.205357 0.133929
3 0.205357 0.453125 0.116071 0.102679
3 0.437500 0.171875 0.098214 0.147321
3 0.558036 0.218750 0.125000 0.080357
3 0.729911 0.540179 0.147321 0.080357
3 0.752232 0.678571 0.183036 0.133929
3 0.830357 0.718750 0.089286 0.196429
3 0.569196 0.830357 0.129464 0.205357
3 0.404018 0.636161 0.075893 0.093750
3 0.180804 0.857143 0.174107 0.142857
3 0.404018 0.537946 0.058036 0.093750
