3 0.383929 0.316964 0.107143 0.160714
3 0.515625 0.366071 0.183036 0.116071
3 0.408482 0.428571 0.084821 0.098214
3 0.312500 0.502232 0.107143 0.174107
3 0.350446 0.609375 0.156250 0.093750
3 0.319196 0.785714 0.111607 0.178571
3 0.491071 0.620536 0.071429 0.125000
3 0.169643 0.638393 0.169643 0.133929
3 0.622768 0.622768 0.129464 0.111607
3 0.781250 0.566964 0.178571 0.116071
3 0.691964 0.448661 0.089286 0.120536
3 0.580357 0.859375 0.142857 0.165179
3 0.732143 0.848214 0.133929 0.089286
3 0.747768 0.718750 0.174107 0.133929
