3 0.783482 0.502232 0.183036 0.120536
3 0.575893 0.513393 0.169643 0.098214
3 0.417411 0.540179 0.075893 0.133929
3 0.263393 0.533482 0.187500 0.129464
3 0.171875 0.359375 0.084821 0.111607
3 0.102679 0.513393 0.196429 0.142857
3 0.314732 0.763393 0.156250 0.125000
3 0.171875 0.921875 0.147321 0.156250
3 0.511161 0.198661 0.084821 0.138393
3 0.372768 0.265625 0.218750 0.138393
3 0.526786 0.325893 0.080357 0.080357
3 0.609375 0.383929 0.156250 0.178571
3 0.638393 0.674107 0.142857 0.196429
3 0.140625 0.765625 0.156250 0.111607
3 0.388393 0.421875 0.107143 0.120536
3 0.486607 0.071429 0.107143 0.080357
3 0.732143 0.377232 0.125000 0.084821
