3 0.845982 0.392857 0.281250 0.151786
3 0.627232 0.323661 0.147321 0.111607
3 0.542411 0.424107 0.174107 0.107143
3 0.279018 0.524554 0.174107 0.138393
3 0.372768 0.696429 0.156250 0.205357
3 0.667411 0.805804 0.120536 0.183036
3 0.783482 0.761161 0.156250 0.111607
3 0.792411 0.500000 0.147321 0.116071
3 0.450893 0.390625 0.169643 0.102679
3 0.533482 0.674107 0.165179 0.142857
3 0.258929 0.383929 0.107143 0.089286
3 0.118304 0.185268 0.120536 0.209821
3 0.140625 0.299107 0.174107 0.071429
3 0.062500 0.486607 0.116071 0.214286
