3 0.337054 0.477679 0.183036 0.151786
3 0.685268 0.158482 0.183036 0.156250
3 0.497768 0.214286 0.147321 0.107143
3 0.703125 0.515625 0.120536 0.102679
3 0.687500 0.689732 0.098214 0.174107
3 0.770089 0.689732 0.093750 0.156250
3 0.859375 0.535714 0.111607 0.187500
3 0.350446 0.071429 0.138393 0.089286
3 0.832589 0.120536 0.147321 0.142857
3 0.573661 0.377232 0.111607 0.156250
3 0.247768 0.462054 0.129464 0.111607
3 0.334821 0.638393 0.098214 0.187500
3 0.417411 0.566964 0.084821 0.098214
3 0.379464 0.283482 0.080357 0.102679
