3 0.337054 0.294643 0.165179 0.187500
3 0.169643 0.270089 0.151786 0.156250
3 0.524554 0.312500 0.138393 0.142857
3 0.359375 0.142857 0.174107 0.187500
3 0.725446 0.562500 0.191964 0.151786
3 0.354911 0.660714 0.129464 0.116071
3 0.381696 0.839286 0.120536 0.178571
3 0.466518 0.928571 0.120536 0.133929
3 0.191964 0.703125 0.098214 0.165179
3 0.649554 0.138393 0.129464 0.080357
3 0.466518 0.515625 0.093750 0.129464
3 0.741071 0.734375 0.107143 0.200893
3 0.805804 0.526786 0.120536 0.125000
3 0.658482 0.372768 0.084821 0.111607
