3 0.133929 0.229911 0.169643 0.183036
3 0.375000 0.292411 0.232143 0.084821
3 0.339286 0.428571 0.241071 0.214286
3 0.301339 0.589286 0.272321 0.178571
3 0.055804 0.732143 0.102679 0.125000
3 0.464286 0.783482 0.125000 0.075893
3 0.098214 0.390625 0.151786 0.075893
3 0.151786 0.560268 0.187500 0.111607
3 0.575893 0.540179 0.187500 0.151786
3 0.660714 0.783482 0.125000 0.129464
3 0.910714 0.736607 0.169643 0.187500
3 0.515625 0.446429 0.129464 0.080357
3 0.808036 0.256696 0.178571 0.120536
3 0.533482 0.877232 0.111607 0.147321
