3 0.321429 0.578125 0.285714 0.138393
3 0.553571 0.667411 0.125000 0.147321
3 0.183036 0.823661 0.160714 0.290179
3 0.296875 0.363839 0.209821 0.272321
3 0.073661 0.497768 0.138393 0.147321
3 0.140625 0.323661 0.156250 0.102679
3 0.263393 0.232143 0.214286 0.071429
3 0.473214 0.147321 0.169643 0.187500
3 0.457589 0.330357 0.102679 0.142857
3 0.683036 0.283482 0.330357 0.183036
3 0.618304 0.502232 0.102679 0.111607
3 0.912946 0.500000 0.147321 0.178571
3 0.805804 0.763393 0.299107 0.214286
3 0.046875 0.236607 0.084821 0.080357
