3 0.265625 0.370536 0.272321 0.151786
3 0.417411 0.267857 0.129464 0.133929
3 0.553571 0.448661 0.151786 0.200893
3 0.531250 0.604911 0.214286 0.102679
3 0.705357 0.658482 0.142857 0.102679
3 0.750000 0.575893 0.187500 0.142857
3 0.729911 0.350446 0.066964 0.066964
3 0.656250 0.426339 0.142857 0.111607
3 0.145089 0.741071 0.245536 0.196429
3 0.066964 0.520089 0.116071 0.138393
3 0.337054 0.676339 0.084821 0.147321
3 0.285714 0.537946 0.098214 0.111607
3 0.622768 0.816964 0.138393 0.223214
3 0.450893 0.912946 0.107143 0.084821
3 0.303571 0.881696 0.133929 0.102679
