3 0.633929 0.276786 0.214286 0.196429
3 0.526786 0.345982 0.080357 0.120536
3 0.470982 0.167411 0.120536 0.174107
3 0.392857 0.363839 0.125000 0.209821
3 0.459821 0.540179 0.187500 0.160714
3 0.323661 0.620536 0.120536 0.107143
3 0.424107 0.727679 0.125000 0.169643
3 0.191964 0.243304 0.044643 0.084821
3 0.283482 0.325893 0.120536 0.098214
3 0.816964 0.618304 0.214286 0.183036
3 0.756696 0.790179 0.138393 0.089286
3 0.897321 0.270089 0.107143 0.147321
3 0.332589 0.223214 0.183036 0.098214
3 0.250000 0.517857 0.169643 0.133929
