3 0.540179 0.457589 0.133929 0.165179
3 0.651786 0.564732 0.116071 0.200893
3 0.752232 0.687500 0.129464 0.169643
3 0.500000 0.622768 0.071429 0.111607
3 0.093750 0.729911 0.116071 0.227679
3 0.158482 0.892857 0.111607 0.160714
3 0.303571 0.792411 0.107143 0.183036
3 0.638393 0.412946 0.125000 0.093750
3 0.656250 0.234375 0.098214 0.218750
3 0.455357 0.250000 0.116071 0.205357
3 0.915179 0.714286 0.116071 0.223214
3 0.823661 0.863839 0.183036 0.111607
3 0.689732 0.799107 0.111607 0.107143
3 0.437500 0.901786 0.098214 0.089286
