3 0.292411 0.198661 0.120536 0.102679
3 0.160714 0.270089 0.151786 0.084821
3 0.417411 0.359375 0.120536 0.120536
3 0.515625 0.537946 0.245536 0.200893
3 0.837054 0.412946 0.308036 0.138393
3 0.350446 0.573661 0.227679 0.147321
3 0.654018 0.727679 0.111607 0.151786
3 0.238839 0.727679 0.120536 0.116071
3 0.234375 0.872768 0.102679 0.129464
3 0.683036 0.830357 0.089286 0.107143
3 0.796875 0.845982 0.111607 0.120536
3 0.886161 0.703125 0.156250 0.111607
3 0.863839 0.522321 0.245536 0.142857
3 0.426339 0.395089 0.290179 0.111607
3 0.767857 0.649554 0.169643 0.093750
