3 0.828125 0.263393 0.156250 0.125000
3 0.591518 0.290179 0.174107 0.107143
3 0.437500 0.359375 0.125000 0.156250
3 0.183036 0.468750 0.321429 0.133929
3 0.330357 0.533482 0.125000 0.147321
3 0.433036 0.549107 0.098214 0.071429
3 0.227679 0.604911 0.133929 0.102679
3 0.785714 0.457589 0.178571 0.156250
3 0.839286 0.553571 0.151786 0.071429
3 0.729911 0.638393 0.102679 0.125000
3 0.881696 0.674107 0.093750 0.062500
3 0.504464 0.656250 0.160714 0.098214
3 0.645089 0.392857 0.209821 0.098214
3 0.941964 0.314732 0.116071 0.102679
