3 0.439732 0.428571 0.129464 0.133929
3 0.522321 0.591518 0.151786 0.120536
3 0.607143 0.488839 0.160714 0.075893
3 0.680804 0.555804 0.120536 0.058036
3 0.372768 0.377232 0.093750 0.040179
3 0.383929 0.544643 0.133929 0.071429
3 0.475446 0.520089 0.111607 0.058036
3 0.401786 0.656250 0.107143 0.151786
3 0.238839 0.631696 0.075893 0.084821
3 0.290179 0.517857 0.160714 0.071429
3 0.149554 0.618304 0.049107 0.031250
1 0.723214 0.705357 0.125000 0.080357
1 0.774554 0.801339 0.102679 0.093750
1 0.892857 0.772321 0.142857 0.089286
1 0.792411 0.919643 0.129464 0.107143
3 0.136161 0.276786 0.066964 0.071429
3 0.133929 0.435268 0.044643 0.058036
