3 0.392857 0.410714 0.151786 0.116071
3 0.459821 0.560268 0.151786 0.102679
3 0.571429 0.462054 0.196429 0.058036
3 0.325893 0.513393 0.125000 0.080357
3 0.337054 0.609375 0.102679 0.102679
3 0.613839 0.515625 0.138393 0.066964
3 0.299107 0.354911 0.107143 0.040179
3 0.191964 0.332589 0.071429 0.031250
3 0.227679 0.477679 0.169643 0.062500
3 0.183036 0.582589 0.071429 0.084821
1 0.685268 0.649554 0.147321 0.066964
1 0.723214 0.738839 0.107143 0.111607
1 0.828125 0.718750 0.147321 0.080357
1 0.752232 0.837054 0.174107 0.093750
