1 0.879464 0.667411 0.098214 0.084821
1 0.854911 0.785714 0.120536 0.071429
1 0.754464 0.839286 0.080357 0.053571
1 0.861607 0.946429 0.089286 0.089286
3 0.354911 0.337054 0.058036 0.058036
3 0.937500 0.511161 0.089286 0.084821
3 0.868304 0.446429 0.093750 0.062500
3 0.600446 0.102679 0.066964 0.089286
3 0.457589 0.308036 0.102679 0.080357
3 0.450893 0.390625 0.080357 0.058036
3 0.279018 0.441964 0.120536 0.062500
3 0.100446 0.437500 0.156250 0.044643
3 0.095982 0.350446 0.147321 0.066964
3 0.234375 0.522321 0.084821 0.089286
3 0.819196 0.513393 0.102679 0.062500
