3 0.593750 0.314732 0.062500 0.040179
3 0.497768 0.444196 0.066964 0.066964
3 0.223214 0.363839 0.116071 0.066964
3 0.216518 0.444196 0.111607 0.066964
3 0.781250 0.587054 0.098214 0.049107
3 0.875000 0.598214 0.071429 0.089286
1 0.825893 0.743304 0.098214 0.075893
1 0.781250 0.816964 0.062500 0.098214
1 0.870536 0.837054 0.080357 0.066964
1 0.720982 0.892857 0.084821 0.053571
3 0.642857 0.200893 0.062500 0.053571
3 0.479911 0.218750 0.058036 0.035714
3 0.435268 0.310268 0.049107 0.075893
3 0.790179 0.426339 0.062500 0.066964
3 0.348214 0.473214 0.080357 0.062500
