3 0.866071 0.417411 0.116071 0.058036
3 0.877232 0.332589 0.120536 0.058036
3 0.254464 0.484375 0.080357 0.049107
3 0.194196 0.553571 0.066964 0.071429
3 0.189732 0.446429 0.058036 0.080357
3 0.287946 0.377232 0.066964 0.040179
3 0.560268 0.332589 0.084821 0.066964
3 0.591518 0.399554 0.058036 0.049107
3 0.660714 0.345982 0.071429 0.066964
3 0.736607 0.439732 0.089286 0.066964
3 0.747768 0.312500 0.084821 0.044643
3 0.448661 0.136161 0.049107 0.049107
3 0.439732 0.200893 0.066964 0.062500
3 0.609375 0.196429 0.031250 0.035714
3 0.314732 0.444196 0.066964 0.031250
3 0.303571 0.546875 0.080357 0.066964
3 0.654018 0.263393 0.031250 0.062500
1 0.247768 0.709821 0.084821 0.071429
1 0.296875 0.790179 0.084821 0.071429
1 0.357143 0.872768 0.116071 0.075893
1 0.287946 0.955357 0.084821 0.089286
1 0.194196 0.803571 0.075893 0.098214
