3 0.267857 0.560268 0.089286 0.066964
3 0.238839 0.504464 0.093750 0.035714
3 0.160714 0.560268 0.062500 0.066964
3 0.158482 0.459821 0.058036 0.053571
3 0.631696 0.470982 0.075893 0.049107
3 0.716518 0.368304 0.058036 0.031250
3 0.504464 0.227679 0.053571 0.071429
3 0.537946 0.350446 0.058036 0.058036
3 0.779018 0.533482 0.111607 0.040179
3 0.937500 0.526786 0.116071 0.044643
3 0.939732 0.450893 0.120536 0.026786
3 0.723214 0.441964 0.098214 0.053571
3 0.287946 0.404018 0.058036 0.049107
1 0.200893 0.700893 0.098214 0.080357
1 0.229911 0.779018 0.066964 0.075893
