3 0.774554 0.475446 0.084821 0.040179
3 0.839286 0.529018 0.080357 0.075893
3 0.834821 0.424107 0.062500 0.062500
3 0.691964 0.450893 0.080357 0.035714
3 0.459821 0.316964 0.053571 0.062500
3 0.082589 0.484375 0.120536 0.040179
3 0.093750 0.569196 0.125000 0.058036
3 0.236607 0.564732 0.098214 0.049107
3 0.305804 0.453125 0.093750 0.066964
3 0.392857 0.479911 0.062500 0.058036
3 0.386161 0.357143 0.058036 0.062500
3 0.473214 0.194196 0.062500 0.084821
3 0.473214 0.254464 0.053571 0.044643
3 0.705357 0.372768 0.062500 0.040179
3 0.341518 0.578125 0.084821 0.084821
1 0.830357 0.680804 0.107143 0.066964
1 0.805804 0.767857 0.084821 0.089286
1 0.924107 0.767857 0.107143 0.071429
1 0.767857 0.861607 0.080357 0.080357
1 0.841518 0.948661 0.066964 0.075893
3 0.745536 0.529018 0.071429 0.075893
