3 0.408602 0.546497 0.170027 0.070817
3 0.778226 0.570060 0.266801 0.111895
3 0.614415 0.436240 0.258401 0.102319
3 0.394993 0.284148 0.180444 0.078881
3 0.579805 0.358997 0.146841 0.118196
3 0.613407 0.403100 0.197245 0.096018
3 0.836022 0.502394 0.168011 0.096018
3 0.362399 0.699219 0.161626 0.099042
3 0.055948 0.636971 0.111223 0.078881
3 0.185148 0.596018 0.134409 0.072581
3 0.079973 0.370086 0.130376 0.105595
3 0.297379 0.911038 0.123656 0.148185
3 0.280578 0.258191 0.119624 0.099042
3 0.253360 0.495212 0.132392 0.088206
3 0.464214 0.674017 0.042003 0.067792
