3 0.619792 0.454861 0.235532 0.089844
3 0.463542 0.389757 0.159144 0.124132
3 0.355179 0.520833 0.153067 0.141059
3 0.224971 0.574219 0.120081 0.108507
3 0.219763 0.412326 0.283275 0.165799
3 0.623843 0.357205 0.210648 0.086806
3 0.831597 0.389106 0.159144 0.097656
3 0.921441 0.471137 0.157118 0.097656
3 0.719907 0.567274 0.196181 0.103733
3 0.612413 0.745551 0.117766 0.094401
3 0.421296 0.336263 0.111690 0.060547
3 0.742622 0.680447 0.179688 0.072700
3 0.805700 0.774197 0.091146 0.058811
3 0.451244 0.691189 0.105613 0.054253
