3 0.190188 0.446321 0.250000 0.113407
3 0.129368 0.330645 0.229167 0.155746
3 0.307796 0.373992 0.081989 0.097782
3 0.507392 0.445565 0.190860 0.124496
3 0.716398 0.559098 0.172043 0.133821
3 0.638609 0.681956 0.197245 0.140121
3 0.434812 0.605469 0.268817 0.141885
3 0.181956 0.160534 0.090390 0.054940
3 0.170363 0.102193 0.088038 0.045615
3 0.673219 0.477193 0.140793 0.042591
3 0.818212 0.645665 0.123656 0.096270
3 0.879032 0.733115 0.203629 0.072581
3 0.104167 0.605469 0.174059 0.066280
3 0.532594 0.798387 0.132392 0.086694
3 0.396169 0.740927 0.102823 0.059980
3 0.255376 0.734627 0.094758 0.059980
3 0.081989 0.124370 0.100806 0.033014
3 0.067372 0.221900 0.126008 0.070817
3 0.752184 0.792213 0.075605 0.108619
3 0.898017 0.903982 0.123992 0.174899
3 0.213374 0.877268 0.077957 0.124496
