3 0.782888 0.348622 0.080393 0.073589
3 0.758821 0.290659 0.050403 0.122312
3 0.883947 0.249328 0.232107 0.192204
3 0.790323 0.557796 0.181956 0.140457
3 0.892263 0.462366 0.154486 0.135753
3 0.650580 0.321069 0.186744 0.070228
3 0.619078 0.508233 0.196825 0.132728
3 0.468498 0.484543 0.172883 0.100806
3 0.609249 0.419691 0.106603 0.145161
3 0.914945 0.819052 0.170111 0.146841
3 0.587072 0.873320 0.169607 0.099462
3 0.713584 0.736559 0.095010 0.186156
3 0.501764 0.537298 0.113407 0.105511
3 0.151210 0.457829 0.138609 0.215390
3 0.174647 0.750336 0.171875 0.219758
3 0.410030 0.896169 0.108871 0.178763
3 0.061618 0.625168 0.122732 0.115927
3 0.216986 0.550403 0.206149 0.134409
3 0.059350 0.554099 0.118196 0.077957
3 0.242818 0.352319 0.065272 0.047379
3 0.230721 0.307460 0.052671 0.100806
3 0.100176 0.894993 0.066280 0.210013
3 0.344128 0.298891 0.174143 0.142137
