3 0.370660 0.752496 0.122106 0.114800
3 0.511140 0.732313 0.142650 0.096137
3 0.726128 0.367296 0.080729 0.113064
3 0.513310 0.586589 0.109375 0.065104
3 0.451244 0.657986 0.117766 0.083767
3 0.315972 0.600586 0.111690 0.105252
3 0.334491 0.675781 0.115741 0.045139
3 0.230179 0.712240 0.109664 0.080729
3 0.267361 0.775716 0.109375 0.096137
3 0.586661 0.385091 0.066262 0.049696
3 0.690972 0.280490 0.051505 0.079210
3 0.646701 0.189019 0.086806 0.094618
3 0.858507 0.391385 0.097222 0.074436
3 0.902922 0.211589 0.041377 0.046441
3 0.905961 0.461806 0.084491 0.054253
3 0.953414 0.418511 0.076389 0.060547
3 0.398582 0.502930 0.066262 0.071398
3 0.545284 0.308485 0.037326 0.044922
3 0.771701 0.264974 0.101273 0.069878
3 0.912182 0.263455 0.059896 0.054253
3 0.960793 0.539388 0.078414 0.066623
