3 0.582465 0.466471 0.148727 0.147352
3 0.536024 0.548611 0.092882 0.078993
3 0.644531 0.602214 0.132234 0.083767
3 0.490596 0.630859 0.196470 0.122396
3 0.405671 0.515299 0.188079 0.074436
3 0.349971 0.560221 0.167535 0.077474
3 0.735388 0.579644 0.153067 0.078993
3 0.619647 0.699002 0.103299 0.159722
3 0.686777 0.416124 0.117766 0.058811
3 0.774740 0.709852 0.095197 0.094618
1 0.251736 0.717665 0.144676 0.078993
1 0.202257 0.790473 0.119792 0.100911
1 0.108073 0.746311 0.171586 0.083767
1 0.172164 0.935438 0.130208 0.117839
1 0.045428 0.835395 0.090278 0.063585
