2 0.103009 0.534722 0.202546 0.168837
4 0.193866 0.114692 0.057870 0.085286
4 0.183594 0.027127 0.078414 0.046441
4 0.233218 0.211589 0.086806 0.065104
4 0.114439 0.117730 0.088831 0.050998
4 0.049190 0.134006 0.086806 0.071398
4 0.295284 0.133247 0.066262 0.063368
4 0.348958 0.060438 0.078704 0.082248
1 0.451389 0.430881 0.043403 0.060547
3 0.453270 0.269640 0.022859 0.044922
3 0.611400 0.184353 0.028935 0.017144
3 0.484375 0.272786 0.043403 0.026476
1 0.494647 0.476671 0.076678 0.055773
1 0.522569 0.536241 0.041088 0.048177
1 0.429543 0.475911 0.037326 0.032552
4 0.059606 0.188260 0.061921 0.046658
