3 0.471270 0.461694 0.167339 0.161962
3 0.359627 0.577789 0.125000 0.232191
3 0.348664 0.290659 0.114667 0.201613
3 0.296623 0.282258 0.104335 0.245968
3 0.281124 0.082157 0.086946 0.132728
3 0.350932 0.068380 0.098538 0.136089
3 0.491809 0.108031 0.103075 0.215390
3 0.507308 0.250000 0.097278 0.224462
3 0.596144 0.353159 0.066280 0.079301
3 0.754788 0.756384 0.120464 0.168011
3 0.906502 0.825101 0.130544 0.171035
3 0.948967 0.644321 0.098538 0.221438
3 0.626512 0.853495 0.115927 0.111559
3 0.291457 0.728999 0.144405 0.177083
3 0.370590 0.822749 0.103075 0.080981
3 0.117818 0.769489 0.111139 0.270161
3 0.225050 0.915323 0.130544 0.155914
3 0.113407 0.942876 0.088206 0.061156
3 0.033014 0.632728 0.065524 0.122312
3 0.341230 0.428931 0.108871 0.074933
