3 0.620842 0.468582 0.149950 0.120632
3 0.446069 0.234879 0.126008 0.102151
3 0.568044 0.135585 0.117944 0.059476
3 0.277722 0.194220 0.151210 0.134409
3 0.316154 0.108199 0.157006 0.111559
3 0.151588 0.189852 0.153478 0.116263
3 0.175277 0.111895 0.085938 0.076613
3 0.294355 0.545699 0.113407 0.088710
3 0.150580 0.588374 0.094002 0.128360
3 0.159148 0.388441 0.065272 0.106855
3 0.318296 0.686156 0.113407 0.143817
3 0.313760 0.245464 0.131552 0.166331
3 0.165449 0.300403 0.052671 0.077957
3 0.250252 0.685316 0.084677 0.187836
3 0.397429 0.766297 0.083669 0.132728
3 0.638609 0.602823 0.075605 0.157258
3 0.702117 0.460181 0.104335 0.085685
