3 0.408770 0.478705 0.174395 0.155998
3 0.457997 0.361391 0.071237 0.113407
3 0.588374 0.399950 0.151210 0.089718
3 0.307964 0.355091 0.241599 0.110383
3 0.181956 0.278604 0.191196 0.130796
3 0.596606 0.363659 0.159610 0.114919
3 0.738407 0.373110 0.140793 0.070817
3 0.804435 0.451991 0.184812 0.121220
3 0.877016 0.491305 0.136425 0.111643
3 0.680612 0.571699 0.222782 0.108619
3 0.629200 0.569304 0.224798 0.122984
3 0.952621 0.738659 0.090054 0.140121
3 0.051579 0.171623 0.090390 0.162298
3 0.217574 0.109375 0.279234 0.138609
3 0.440188 0.069178 0.102823 0.092994
3 0.055948 0.043977 0.073589 0.080393
3 0.159778 0.596900 0.159610 0.080393
3 0.277386 0.501512 0.121976 0.103831
3 0.920027 0.602319 0.134409 0.072581
3 0.816196 0.655872 0.081989 0.119708
3 0.106351 0.674773 0.094422 0.084929
3 0.222782 0.080141 0.134409 0.064516
3 0.401210 0.720514 0.084005 0.088206
3 0.144153 0.763861 0.119624 0.102319
