3 0.207283 0.657930 0.175151 0.202957
3 0.167717 0.381384 0.116683 0.212366
3 0.819556 0.245632 0.084677 0.077957
3 0.491305 0.387601 0.161542 0.123992
3 0.900832 0.149362 0.194808 0.197245
3 0.700983 0.218078 0.175151 0.068548
3 0.372228 0.215054 0.159274 0.157258
3 0.340726 0.587702 0.151210 0.065860
3 0.826991 0.445733 0.177671 0.120632
3 0.918599 0.361559 0.154738 0.145161
3 0.464970 0.606687 0.079133 0.082325
3 0.081653 0.525034 0.162802 0.087030
3 0.226815 0.462366 0.193548 0.123656
3 0.253024 0.237903 0.072077 0.108199
3 0.653352 0.393817 0.178679 0.111559
3 0.656880 0.305948 0.146421 0.171035
3 0.792087 0.179099 0.066532 0.122312
3 0.919481 0.723622 0.161038 0.166331
3 0.621472 0.777050 0.176411 0.099126
