3 0.359501 0.552587 0.115675 0.255040
3 0.503276 0.211190 0.100806 0.214046
3 0.483367 0.092070 0.104335 0.177419
3 0.297253 0.258569 0.107611 0.244288
3 0.354461 0.263105 0.091482 0.195565
3 0.466734 0.416499 0.169355 0.175739
3 0.523438 0.575437 0.072077 0.111223
3 0.286290 0.682292 0.125000 0.169691
3 0.372228 0.791667 0.097278 0.079301
3 0.945817 0.609039 0.108367 0.236895
3 0.897429 0.799227 0.121472 0.183132
3 0.756426 0.716734 0.123740 0.168011
3 0.880166 0.935988 0.148942 0.114583
3 0.123614 0.727487 0.081401 0.274866
3 0.334929 0.397513 0.112399 0.073253
3 0.627016 0.827453 0.121472 0.111223
3 0.226058 0.861055 0.130544 0.148185
3 0.278856 0.071405 0.080393 0.142137
3 0.349798 0.050067 0.121472 0.099462
3 0.037046 0.583837 0.071069 0.115927
3 0.350428 0.871640 0.060736 0.111559
3 0.506174 0.713710 0.065272 0.088710
3 0.963836 0.911458 0.064264 0.144825
