3 0.384199 0.492944 0.178679 0.319220
3 0.466734 0.705309 0.265625 0.157258
3 0.705519 0.587534 0.090474 0.154234
3 0.699849 0.770161 0.101815 0.177419
3 0.957031 0.518817 0.084929 0.145161
3 0.903478 0.762601 0.193044 0.214046
3 0.633317 0.635081 0.097278 0.068548
3 0.530872 0.389785 0.119204 0.122312
3 0.498236 0.236391 0.145665 0.209341
3 0.714214 0.316532 0.297883 0.177419
3 0.340726 0.366935 0.164819 0.091398
3 0.242818 0.499160 0.161542 0.108535
3 0.153982 0.438844 0.078125 0.088710
3 0.685484 0.128024 0.105343 0.151210
3 0.841356 0.080645 0.169607 0.102151
3 0.167717 0.717406 0.203881 0.206317
3 0.224924 0.822917 0.194808 0.151210
3 0.617944 0.925571 0.087198 0.148858
