1 0.146412 0.689670 0.094907 0.078993
1 0.071036 0.750217 0.117766 0.069878
1 0.167101 0.774197 0.066262 0.090061
1 0.203270 0.847873 0.109664 0.060330
1 0.065828 0.911350 0.099248 0.125651
3 0.229022 0.544813 0.070312 0.068359
3 0.136140 0.530056 0.074363 0.088325
3 0.130932 0.442491 0.067998 0.071181
3 0.201244 0.490560 0.092882 0.040148
3 0.067853 0.494466 0.095197 0.041884
3 0.274450 0.470378 0.099248 0.040148
3 0.473958 0.348741 0.072338 0.069878
3 0.545284 0.412326 0.066262 0.078993
3 0.650752 0.432509 0.082755 0.054253
3 0.549479 0.482856 0.078704 0.046441
3 0.727141 0.439345 0.090856 0.049696
3 0.849103 0.480469 0.120081 0.057292
3 0.826389 0.543294 0.103588 0.058811
3 0.458478 0.216146 0.049479 0.065104
3 0.618634 0.271918 0.047454 0.043403
3 0.519387 0.289062 0.076389 0.065104
3 0.461661 0.291341 0.059896 0.060547
3 0.250868 0.391385 0.068287 0.049696
3 0.389323 0.435547 0.051794 0.016927
3 0.485388 0.394423 0.053530 0.055773
3 0.483218 0.430881 0.061921 0.044922
3 0.648582 0.374240 0.049479 0.049696
3 0.723958 0.620009 0.101273 0.078993
3 0.567998 0.571940 0.111690 0.038845
3 0.411024 0.334744 0.049479 0.041884
