3 0.676915 0.250168 0.255544 0.205981
3 0.503906 0.302923 0.081401 0.164987
3 0.508569 0.101983 0.138609 0.191196
3 0.378528 0.305108 0.146673 0.230511
3 0.424899 0.495968 0.214214 0.157258
3 0.248488 0.545699 0.127016 0.110215
3 0.346396 0.688508 0.137349 0.209005
3 0.533770 0.636593 0.067540 0.163642
3 0.783392 0.684644 0.225554 0.222782
3 0.857359 0.544859 0.068548 0.130040
3 0.946699 0.317372 0.103075 0.193884
3 0.759325 0.072077 0.108871 0.143481
3 0.349924 0.141801 0.162550 0.117608
3 0.282258 0.236391 0.151210 0.120632
3 0.194052 0.131720 0.061996 0.122312
3 0.202621 0.443380 0.184476 0.171035
3 0.079007 0.151546 0.124748 0.152554
3 0.125882 0.418179 0.124748 0.221438
