3 0.703377 0.602151 0.088206 0.146505
3 0.712324 0.772513 0.090474 0.194220
3 0.664315 0.271505 0.264617 0.184812
3 0.450101 0.254704 0.129536 0.169355
3 0.355091 0.517473 0.159274 0.331317
3 0.236391 0.587534 0.155746 0.080981
3 0.135081 0.542507 0.058468 0.091734
3 0.159778 0.768817 0.201613 0.201613
3 0.247984 0.857191 0.192540 0.149866
3 0.455267 0.704469 0.270413 0.155578
3 0.609249 0.772513 0.191280 0.102151
3 0.905242 0.632728 0.189516 0.201613
3 0.511341 0.370800 0.142137 0.111223
3 0.643775 0.669355 0.090474 0.061156
