3 0.872816 0.554309 0.254368 0.152974
3 0.884241 0.391255 0.226815 0.141885
3 0.340390 0.076235 0.084005 0.129284
3 0.628192 0.158266 0.096438 0.063004
3 0.108367 0.403100 0.086358 0.058216
3 0.039147 0.496850 0.077621 0.072329
3 0.414987 0.670111 0.186828 0.088206
3 0.508401 0.728327 0.121640 0.126008
3 0.633401 0.856729 0.094758 0.111643
3 0.512601 0.405368 0.092406 0.094506
3 0.773017 0.815020 0.142809 0.151210
3 0.547379 0.158896 0.052419 0.055192
3 0.412970 0.117188 0.149194 0.088206
3 0.087366 0.154234 0.174059 0.180948
