3 0.329259 0.339382 0.119204 0.241263
3 0.367566 0.362399 0.102067 0.207997
3 0.533140 0.151546 0.112147 0.247312
3 0.388735 0.098958 0.103075 0.197245
3 0.313886 0.154570 0.065272 0.140457
3 0.534274 0.334005 0.112399 0.245968
3 0.559602 0.709005 0.077873 0.128360
3 0.352823 0.690020 0.138609 0.270497
3 0.475302 0.560988 0.152218 0.164987
3 0.345262 0.511257 0.121472 0.080981
3 0.289693 0.837366 0.129284 0.186156
3 0.392767 0.912298 0.099546 0.079301
3 0.794355 0.906082 0.144153 0.152890
3 0.126008 0.879704 0.088206 0.240591
3 0.034274 0.751848 0.065524 0.115927
3 0.616809 0.037802 0.110131 0.071573
3 0.203251 0.859543 0.082409 0.090054
