24 0.354167 0.384375 0.133333 0.100000
24 0.487500 0.427344 0.131250 0.056250
24 0.470313 0.504687 0.096875 0.073438
24 0.351042 0.542969 0.118750 0.045312
24 0.117708 0.550000 0.118750 0.139063
24 0.702083 0.539453 0.135417 0.127344
24 0.562500 0.635547 0.235417 0.133594
24 0.391667 0.703906 0.135417 0.104688
24 0.346875 0.657813 0.200000 0.159375
24 0.503646 0.770312 0.151042 0.164062
24 0.828646 0.428906 0.228125 0.100000
24 0.676042 0.376953 0.093750 0.124219
24 0.564063 0.325391 0.251042 0.122656
